
#############################################


AttributeBegin
    NamedMaterial "Leave A_b"
    Shape "plymesh" "string filename" "geometry/hojas_a7_00001.ply" 
            "texture alpha" "Leave A_b_Alpha" 
AttributeEnd

AttributeBegin
    ObjectBegin "Hoja_B01"

    AttributeBegin
        Transform [ 1.0000000000 0.0000000000 0.0000000000 0.0000000000 0.0000000000 1.0000000000 0.0000000000 0.0000000000 0.0000000000 0.0000000000 1.0000000000 0.0000000000 0.0000000000 0.0000000000 0.0000000000 1.0000000000  ]
        NamedMaterial "Leave A_b"
        Shape "plymesh" "string filename" "geometry/hojas_a7_00002.ply" 
                "texture alpha" "Leave A_b_Alpha" 
    AttributeEnd
AttributeEnd
ObjectEnd

AttributeBegin
    Transform [ 0.9998239875 -0.0013268000 0.0187366996 0.0000000000 0.0000000000 0.9975020289 0.0706352964 0.0000000000 -0.0187835991 -0.0706228986 0.9973260164 0.0000000000 13.8577995300 -9.4825496674 13.0965995789 1.0000000000  ]
    ObjectInstance "Hoja_B01"
AttributeEnd

AttributeBegin
    Transform [ -0.0701145977 0.9951249957 -0.0693603009 0.0000000000 0.9570289850 0.0474909991 -0.2860760093 0.0000000000 0.2813880146 0.0864380002 0.9556930065 0.0000000000 13.8577995300 -9.4825496674 13.0965995789 1.0000000000  ]
    ObjectInstance "Hoja_B01"
AttributeEnd

AttributeBegin
    Transform [ 0.5604109764 -0.8048409820 -0.1953729987 0.0000000000 -0.7398329973 -0.3804459870 -0.5548949838 0.0000000000 -0.3722729981 -0.4555130005 0.8086540103 0.0000000000 10.0650997162 -9.6198596954 8.7771501541 1.0000000000  ]
    ObjectInstance "Hoja_B01"
AttributeEnd

AttributeBegin
    Transform [ -0.9729220271 0.2019149959 0.1124890000 0.0000000000 0.1550559998 0.9310889840 -0.3301970065 0.0000000000 0.1714089960 0.3038139939 0.9371849895 0.0000000000 10.0796003342 -9.4676504135 8.7696599960 1.0000000000  ]
    ObjectInstance "Hoja_B01"
AttributeEnd

AttributeBegin
    Transform [ 0.5522990227 -0.8260700107 -0.1121369973 0.0000000000 -0.4804289937 -0.2054660022 -0.8526260257 0.0000000000 -0.6812890172 -0.5247780085 0.5103459954 0.0000000000 9.9658002853 -9.6082096100 8.7613000870 1.0000000000  ]
    ObjectInstance "Hoja_B01"
AttributeEnd

AttributeBegin
    Transform [ 0.9727780223 -0.2304050028 -0.0248186998 0.0000000000 -0.1964000016 -0.7628520131 -0.6160219908 0.0000000000 -0.1230020002 -0.6041269898 0.7873380184 0.0000000000 9.9987297058 -9.6468601227 8.8028697968 1.0000000000  ]
    ObjectInstance "Hoja_B01"
AttributeEnd

AttributeBegin
    Transform [ -0.1604170054 -0.9843519926 -0.0729207993 0.0000000000 -0.8696579933 0.1758960038 -0.4612550139 0.0000000000 -0.4668639898 0.0105769997 0.8842660189 0.0000000000 9.9286003113 -9.5548696518 8.8630399704 1.0000000000  ]
    ObjectInstance "Hoja_B01"
AttributeEnd

AttributeBegin
    Transform [ 0.9985460043 -0.0082183396 0.0532682016 0.0000000000 -0.0000001583 -0.9883069992 -0.1524749994 0.0000000000 -0.0538984016 -0.1522540003 0.9868710041 0.0000000000 9.9010801315 -9.4142904282 8.9185800552 1.0000000000  ]
    ObjectInstance "Hoja_B01"
AttributeEnd

AttributeBegin
    Transform [ 0.9998919964 -0.0007031720 0.0146503001 0.0000000000 -0.0000002579 -0.9988510013 -0.0479242988 0.0000000000 -0.0146671999 -0.0479190983 0.9987429976 0.0000000000 9.8397998810 -9.4606399536 8.9147596359 1.0000000000  ]
    ObjectInstance "Hoja_B01"
AttributeEnd

AttributeBegin
    Transform [ -0.2479500026 -0.9511770010 -0.1838009953 0.0000000000 -0.7410169840 0.3084239960 -0.5964639783 0.0000000000 -0.6240310073 0.0116932001 0.7813119888 0.0000000000 10.4665002823 -9.7881097794 8.7447700500 1.0000000000  ]
    ObjectInstance "Hoja_B01"
AttributeEnd

AttributeBegin
    Transform [ 0.8277009726 0.5482349992 -0.1197889969 0.0000000000 0.3377420008 -0.6571459770 -0.6738610268 0.0000000000 0.4481529891 -0.5172979832 0.7290819883 0.0000000000 10.5537996292 -9.8677597046 8.7641296387 1.0000000000  ]
    ObjectInstance "Hoja_B01"
AttributeEnd

AttributeBegin
    Transform [ 0.1407340020 0.9652150273 -0.2203480005 0.0000000000 0.7906969786 -0.2435159981 -0.5616919994 0.0000000000 0.5958129764 0.0951794982 0.7974640131 0.0000000000 10.5733995438 -9.9640398026 8.7817697525 1.0000000000  ]
    ObjectInstance "Hoja_B01"
AttributeEnd

AttributeBegin
    Transform [ 0.9713529944 0.0143181998 -0.2372079939 0.0000000000 0.0000000000 -0.9981830120 -0.0602517016 0.0000000000 0.2376399934 -0.0585257001 0.9695889950 0.0000000000 10.4621000290 -9.8962697983 8.8800201416 1.0000000000  ]
    ObjectInstance "Hoja_B01"
AttributeEnd

AttributeBegin
    Transform [ 0.1587010026 -0.9664160013 -0.2021259964 0.0000000000 -0.9049490094 -0.0605142005 -0.4211950004 0.0000000000 -0.3948180079 -0.2497580051 0.8841599822 0.0000000000 10.3858003616 -10.0364999771 8.8860197067 1.0000000000  ]
    ObjectInstance "Hoja_B01"
AttributeEnd

AttributeBegin
    Transform [ 0.9740930200 0.0406089984 -0.2224709988 0.0000000000 0.0000000000 -0.9837449789 -0.1795690060 0.0000000000 0.2261469960 -0.1749169976 0.9582599998 0.0000000000 10.4644002914 -9.9452896118 8.9576597214 1.0000000000  ]
    ObjectInstance "Hoja_B01"
AttributeEnd

AttributeBegin
    Transform [ 0.0157510992 -0.9722430110 -0.2334440053 0.0000000000 -0.8880910277 0.0936667025 -0.4500229955 0.0000000000 -0.4593980014 -0.2144079953 0.8619650006 0.0000000000 10.3577995300 -10.0237998962 8.9550399780 1.0000000000  ]
    ObjectInstance "Hoja_B01"
AttributeEnd

AttributeBegin
    Transform [ 0.7444570065 0.6461629868 -0.1680990010 0.0000000000 0.5178400278 -0.7177209854 -0.4655309916 0.0000000000 0.4214569926 -0.2595190108 0.8689209819 0.0000000000 10.4505996704 -10.1560001373 9.0447196960 1.0000000000  ]
    ObjectInstance "Hoja_B01"
AttributeEnd

AttributeBegin
    Transform [ 0.4222429991 0.8988050222 0.1177299991 0.0000000000 0.7562350035 -0.2776620090 -0.5924630165 0.0000000000 0.4998190105 -0.3391939998 0.7969490290 0.0000000000 10.4956998825 -10.1085996628 9.0581598282 1.0000000000  ]
    ObjectInstance "Hoja_B01"
AttributeEnd

AttributeBegin
    Transform [ -0.6377530098 0.7439900041 0.1993719935 0.0000000000 0.5363320112 0.6147249937 -0.5783259869 0.0000000000 0.5528280139 0.2619000077 0.7910689712 0.0000000000 10.5614004135 -9.5015802383 8.8016901016 1.0000000000  ]
    ObjectInstance "Hoja_B01"
AttributeEnd

AttributeBegin
    Transform [ -0.9941679835 -0.0876246989 0.0628625005 0.0000000000 -0.1077769995 0.8273910284 -0.5511879921 0.0000000000 0.0037141200 0.5547490120 0.8320090175 0.0000000000 10.4582996368 -9.4505100250 8.8504295349 1.0000000000  ]
    ObjectInstance "Hoja_B01"
AttributeEnd

AttributeBegin
    Transform [ 0.2366320044 -0.9360839725 0.2602930069 0.0000000000 -0.8181779981 -0.3364700079 -0.4662329853 0.0000000000 -0.5240139961 0.1026410013 0.8455029726 0.0000000000 10.4169998169 -9.4999599457 8.9209804535 1.0000000000  ]
    ObjectInstance "Hoja_B01"
AttributeEnd

AttributeBegin
    Transform [ -0.4896230102 0.8712670207 -0.0340991989 0.0000000000 0.8271309733 0.4517340064 -0.3343510032 0.0000000000 0.2759059966 0.1919099987 0.9418309927 0.0000000000 10.5551004410 -9.3595600128 9.0147399902 1.0000000000  ]
    ObjectInstance "Hoja_B01"
AttributeEnd

AttributeBegin
    Transform [ -0.8797090054 0.4745529890 -0.0301916003 0.0000000000 0.4573630095 0.8270509839 -0.3268119991 0.0000000000 0.1301199943 0.3013080060 0.9446070194 0.0000000000 10.4858999252 -9.2563896179 9.0235004425 1.0000000000  ]
    ObjectInstance "Hoja_B01"
AttributeEnd

AttributeBegin
    Transform [ -0.8718259931 0.4601539969 0.1678649932 0.0000000000 0.1424410045 0.5660759807 -0.8119540215 0.0000000000 0.4686479867 0.6839709878 0.5590639710 0.0000000000 10.4956998825 -9.2385501862 9.0606698990 1.0000000000  ]
    ObjectInstance "Hoja_B01"
AttributeEnd

AttributeBegin
    Transform [ 0.9633089900 -0.0000001455 -0.2683950067 0.0000000000 -0.0036541200 -0.9999070168 -0.0131146004 0.0000000000 0.2683700025 -0.0136142001 0.9632200003 0.0000000000 10.4664001465 -9.1547803879 9.1388797760 1.0000000000  ]
    ObjectInstance "Hoja_B01"
AttributeEnd

AttributeBegin
    Transform [ 0.4312709868 -0.8972169757 -0.0949006006 0.0000000000 -0.5001549721 -0.1502089947 -0.8528079987 0.0000000000 -0.7508999705 -0.4152559936 0.5135290027 0.0000000000 10.0496997833 -9.5757598877 8.7902498245 1.0000000000  ]
    ObjectInstance "Hoja_B01"
AttributeEnd

AttributeBegin
    Transform [ -0.9628599882 -0.2528850138 -0.0946011022 0.0000000000 -0.1570760012 0.8096269965 -0.5655360222 0.0000000000 -0.2196069956 0.5296720266 0.8192800283 0.0000000000 10.0369997025 -9.4472599030 8.8716802597 1.0000000000  ]
    ObjectInstance "Hoja_B01"
AttributeEnd

AttributeBegin
    Transform [ -0.9492779970 0.2399999946 0.2031510025 0.0000000000 0.0346768014 0.7220429778 -0.6909790039 0.0000000000 0.3125190139 0.6488860250 0.6937429905 0.0000000000 10.0129003525 -9.3312397003 8.8586902618 1.0000000000  ]
    ObjectInstance "Hoja_B01"
AttributeEnd

AttributeBegin
    Transform [ 0.9578660131 -0.0394770987 0.2844890058 0.0000000000 0.0000000000 -0.9905089736 -0.1374479979 0.0000000000 -0.2872149944 -0.1316570044 0.9487749934 0.0000000000 9.9963703156 -9.3818597794 8.8852300644 1.0000000000  ]
    ObjectInstance "Hoja_B01"
AttributeEnd

AttributeBegin
    Transform [ -0.0309934001 -0.9702630043 0.2400619984 0.0000000000 -0.9714639783 -0.0272640996 -0.2356159985 0.0000000000 -0.2351540029 0.2405139953 0.9417300224 0.0000000000 9.9124097824 -9.4451704025 8.8830795288 1.0000000000  ]
    ObjectInstance "Hoja_B01"
AttributeEnd

AttributeBegin
    Transform [ -0.9933140278 0.1100609973 0.0348374993 0.0000000000 0.0917816982 0.9359499812 -0.3399609923 0.0000000000 0.0700225979 0.3344910145 0.9397940040 0.0000000000 9.9776000977 -9.3051204681 8.9226102829 1.0000000000  ]
    ObjectInstance "Hoja_B01"
AttributeEnd

AttributeBegin
    Transform [ 0.8911949992 -0.3791719973 -0.2489970028 0.0000000000 -0.4489650130 -0.8157230020 -0.3647280037 0.0000000000 0.0648173988 -0.4368349910 0.8972030282 0.0000000000 10.2635002136 -9.7543401718 9.1915998459 1.0000000000  ]
    ObjectInstance "Hoja_B01"
AttributeEnd

AttributeBegin
    Transform [ -0.4301500022 -0.8639010191 -0.2620039880 0.0000000000 -0.7216259837 0.5034270287 -0.4752019942 0.0000000000 -0.5424280167 0.0153395003 0.8399630189 0.0000000000 10.2510995865 -9.6249799728 9.3891401291 1.0000000000  ]
    ObjectInstance "Hoja_B01"
AttributeEnd

AttributeBegin
    Transform [ 0.4721089900 -0.8804860115 0.0431080014 0.0000000000 -0.8728809953 -0.4737490118 -0.1167950034 0.0000000000 -0.1232580021 -0.0175116006 0.9922199845 0.0000000000 10.2820997238 -9.7770099640 9.4819698334 1.0000000000  ]
    ObjectInstance "Hoja_B01"
AttributeEnd

AttributeBegin
    Transform [ 0.9263920188 0.3629409969 -0.1003609970 0.0000000000 0.3118129969 -0.8887789845 -0.3359220028 0.0000000000 0.2111189961 -0.2799020112 0.9365280271 0.0000000000 10.3332004547 -9.7677803040 9.5308904648 1.0000000000  ]
    ObjectInstance "Hoja_B01"
AttributeEnd

AttributeBegin
    Transform [ -0.8990259767 0.4265330136 -0.0991083011 0.0000000000 0.4374229908 0.8642349839 -0.2485139966 0.0000000000 0.0203466993 0.2667729855 0.9635450244 0.0000000000 10.3416004181 -9.6492996216 9.5311803818 1.0000000000  ]
    ObjectInstance "Hoja_B01"
AttributeEnd

AttributeBegin
    Transform [ 0.9645370245 -0.0743589029 0.2532559931 0.0000000000 0.0000000000 -0.9594969749 -0.2817189991 0.0000000000 -0.2639470100 -0.2717289925 0.9254699945 0.0000000000 10.3473997116 -9.7690696716 9.5298099518 1.0000000000  ]
    ObjectInstance "Hoja_B01"
AttributeEnd

AttributeBegin
    Transform [ -0.9598000050 0.2684609890 0.0819344968 0.0000000000 0.2001670003 0.8592900038 -0.4706949890 0.0000000000 0.1967689991 0.4353719950 0.8784829974 0.0000000000 10.3226995468 -9.7315597534 9.6628503799 1.0000000000  ]
    ObjectInstance "Hoja_B01"
AttributeEnd

AttributeBegin
    Transform [ -0.9999160171 0.0035411899 -0.0124827996 0.0000000000 0.0102658002 0.8042749763 -0.5941690207 0.0000000000 -0.0079355398 0.5942469835 0.8042439818 0.0000000000 10.1934995651 -9.3173303604 9.1788702011 1.0000000000  ]
    ObjectInstance "Hoja_B01"
AttributeEnd

AttributeBegin
    Transform [ -0.5296279788 -0.8274170160 0.1867489964 0.0000000000 -0.8432660103 0.4898239970 -0.2213030010 0.0000000000 -0.0916363001 0.2746869922 0.9571570158 0.0000000000 10.1344995499 -9.3391599655 9.2014598846 1.0000000000  ]
    ObjectInstance "Hoja_B01"
AttributeEnd

AttributeBegin
    Transform [ -0.8309400082 0.5475000143 0.0989086032 0.0000000000 0.4911299944 0.8053560257 -0.3319540024 0.0000000000 0.2614009976 0.2272569984 0.9380959868 0.0000000000 10.1906003952 -9.3474998474 9.2836599350 1.0000000000  ]
    ObjectInstance "Hoja_B01"
AttributeEnd

AttributeBegin
    Transform [ -0.2340199947 0.9684110284 0.0861032009 0.0000000000 0.8543689847 0.2471079975 -0.4571560025 0.0000000000 0.4639919996 0.0334197991 0.8852090240 0.0000000000 10.2615995407 -9.3255100250 9.2670001984 1.0000000000  ]
    ObjectInstance "Hoja_B01"
AttributeEnd

AttributeBegin
    Transform [ -0.3350929916 -0.9286649823 0.1590390056 0.0000000000 -0.8604149818 0.2328370064 -0.4532920122 0.0000000000 -0.3839260042 0.2887350023 0.8770599961 0.0000000000 10.0599002838 -9.3249301910 9.2931804657 1.0000000000  ]
    ObjectInstance "Hoja_B01"
AttributeEnd

AttributeBegin
    Transform [ -0.5941590071 -0.7939890027 0.1286730021 0.0000000000 -0.6013240218 0.3322220147 -0.7266619802 0.0000000000 -0.5342140198 0.5091270208 0.6748369932 0.0000000000 10.0552997589 -9.2831897736 9.3484497070 1.0000000000  ]
    ObjectInstance "Hoja_B01"
AttributeEnd

AttributeBegin
    Transform [ 0.7945299745 -0.6047070026 -0.0552444011 0.0000000000 -0.5390549898 -0.6605250239 -0.5226150155 0.0000000000 -0.2795389891 -0.4450129867 0.8507769704 0.0000000000 10.0651998520 -9.3618297577 9.3772401810 1.0000000000  ]
    ObjectInstance "Hoja_B01"
AttributeEnd

AttributeBegin
    Transform [ -0.9967929721 0.0099399704 0.0793972984 0.0000000000 -0.0326066017 0.8556759953 -0.5164840221 0.0000000000 0.0730722025 0.5174170136 0.8526080251 0.0000000000 10.1705999374 -9.2079896927 9.3856401443 1.0000000000  ]
    ObjectInstance "Hoja_B01"
AttributeEnd

AttributeBegin
    Transform [ -0.0854263008 0.9935050011 0.0751651004 0.0000000000 0.9262139797 0.1069900021 -0.3614990115 0.0000000000 0.3671930134 -0.0387374014 0.9293379784 0.0000000000 10.2397003174 -9.2602996826 9.4114103317 1.0000000000  ]
    ObjectInstance "Hoja_B01"
AttributeEnd

AttributeBegin
    Transform [ -0.0756243020 -0.9858360291 0.1496949941 0.0000000000 -0.8715649843 -0.0075793499 -0.4902209938 0.0000000000 -0.4844120145 0.1675409973 0.8586469889 0.0000000000 10.0346002579 -9.2410697937 9.4476499557 1.0000000000  ]
    ObjectInstance "Hoja_B01"
AttributeEnd

AttributeBegin
    Transform [ 0.9849609733 -0.0316144004 0.1698579937 0.0000000000 -0.0000001788 -0.9831169844 -0.1829790026 0.0000000000 -0.1727750003 -0.1802279949 0.9683319926 0.0000000000 10.1157999039 -9.1216297150 9.4341497421 1.0000000000  ]
    ObjectInstance "Hoja_B01"
AttributeEnd

AttributeBegin
    Transform [ -0.5352249742 -0.8078889847 -0.2466759980 0.0000000000 -0.4964019954 0.5370990038 -0.6819890141 0.0000000000 -0.6834620237 0.2425670028 0.6885070205 0.0000000000 10.0046997070 -9.1206102371 9.4721498489 1.0000000000  ]
    ObjectInstance "Hoja_B01"
AttributeEnd

AttributeBegin
    Transform [ -0.3841429949 0.8740140200 -0.2975459993 0.0000000000 0.9147790074 0.3166869879 -0.2507750094 0.0000000000 0.1249520034 0.3685219884 0.9211829901 0.0000000000 10.1677999496 -9.1435499191 9.5146903992 1.0000000000  ]
    ObjectInstance "Hoja_B01"
AttributeEnd

AttributeBegin
    Transform [ 0.9846979976 0.0751120970 -0.1572490036 0.0000000000 0.0000000000 -0.9023439884 -0.4310170114 0.0000000000 0.1742680073 -0.4244219959 0.8885369897 0.0000000000 10.0417003632 -9.6193199158 9.4889898300 1.0000000000  ]
    ObjectInstance "Hoja_B01"
AttributeEnd

AttributeBegin
    Transform [ 0.4943749905 -0.8550300002 0.1565809995 0.0000000000 -0.7250189781 -0.5049719810 -0.4683499932 0.0000000000 -0.4795219898 -0.1180159971 0.8695579767 0.0000000000 9.9701299667 -9.7760095596 9.5074100494 1.0000000000  ]
    ObjectInstance "Hoja_B01"
AttributeEnd

AttributeBegin
    Transform [ 0.7132229805 0.6772739887 -0.1805890054 0.0000000000 0.5778369904 -0.7139499784 -0.3954479992 0.0000000000 0.3967590034 -0.1776919961 0.9005600214 0.0000000000 10.0626001358 -9.7920398712 9.5206203461 1.0000000000  ]
    ObjectInstance "Hoja_B01"
AttributeEnd

AttributeBegin
    Transform [ 0.9763360023 -0.1636240035 0.1414030045 0.0000000000 -0.0030176200 -0.6641060114 -0.7476320267 0.0000000000 -0.2162369937 -0.7295129895 0.6488850117 0.0000000000 10.0072002411 -9.8525199890 9.4702997208 1.0000000000  ]
    ObjectInstance "Hoja_B01"
AttributeEnd

AttributeBegin
    Transform [ -0.9289280176 -0.3560929894 -0.1014420018 0.0000000000 -0.3046349883 0.8907639980 -0.3372479975 0.0000000000 -0.2104520053 0.2823770046 0.9359350204 0.0000000000 9.9368200302 -9.6862602234 9.5684404373 1.0000000000  ]
    ObjectInstance "Hoja_B01"
AttributeEnd

AttributeBegin
    Transform [ 0.9379349947 -0.3364470005 0.0841436982 0.0000000000 -0.3139699996 -0.9268050194 -0.2060450017 0.0000000000 -0.1473080069 -0.1668380052 0.9749180079 0.0000000000 9.8952798843 -9.8556098938 9.5252704620 1.0000000000  ]
    ObjectInstance "Hoja_B01"
AttributeEnd

AttributeBegin
    Transform [ 0.9687629938 -0.1148210019 -0.2198040038 0.0000000000 -0.2286030054 -0.7570189834 -0.6120970249 0.0000000000 0.0961143002 -0.6432250142 0.7596210241 0.0000000000 9.9336795807 -9.8905296326 9.5604496002 1.0000000000  ]
    ObjectInstance "Hoja_B01"
AttributeEnd

AttributeBegin
    Transform [ 0.9319480062 0.2783170044 -0.2324060053 0.0000000000 0.1187739968 -0.8399180174 -0.5295569897 0.0000000000 0.3425869942 -0.4659149945 0.8158169985 0.0000000000 9.9013099670 -9.8746795654 9.5799903870 1.0000000000  ]
    ObjectInstance "Hoja_B01"
AttributeEnd

AttributeBegin
    Transform [ 0.8867939711 0.4245229959 0.1826909930 0.0000000000 0.4580090046 -0.7543540001 -0.4702950120 0.0000000000 0.0618370995 -0.5007290244 0.8633930087 0.0000000000 9.9203901291 -9.9744100571 9.5768699646 1.0000000000  ]
    ObjectInstance "Hoja_B01"
AttributeEnd

AttributeBegin
    Transform [ -0.9692940116 -0.1043189988 -0.2226810008 0.0000000000 0.0462918989 0.8119590282 -0.5818759799 0.0000000000 -0.2415090054 0.5743169785 0.7821980119 0.0000000000 9.7786102295 -9.9617996216 9.7046899796 1.0000000000  ]
    ObjectInstance "Hoja_B01"
AttributeEnd

AttributeBegin
    Transform [ -0.7537069917 -0.5707370043 0.3258610070 0.0000000000 -0.6506220102 0.7180060148 -0.2472999990 0.0000000000 0.0928272009 0.3984040022 0.9125000238 0.0000000000 9.7151899338 -10.0060997009 9.6787996292 1.0000000000  ]
    ObjectInstance "Hoja_B01"
AttributeEnd

AttributeBegin
    Transform [ -0.4705899954 0.8618779778 0.1889739931 0.0000000000 0.7681679726 0.5055580139 -0.3928480148 0.0000000000 0.4341239929 0.0397066996 0.8999779820 0.0000000000 10.2298002243 -9.3558197021 9.6951303482 1.0000000000  ]
    ObjectInstance "Hoja_B01"
AttributeEnd

AttributeBegin
    Transform [ 0.9577959776 -0.0358606018 0.2852019966 0.0000000000 0.0951389968 -0.8967170119 -0.4322569966 0.0000000000 -0.2712459862 -0.4411480129 0.8554610014 0.0000000000 10.1477003098 -9.4940900803 9.7341403961 1.0000000000  ]
    ObjectInstance "Hoja_B01"
AttributeEnd

AttributeBegin
    Transform [ 0.9928200245 0.0625497997 -0.1019639969 0.0000000000 0.0000000000 -0.8523949981 -0.5228989720 0.0000000000 0.1196210012 -0.5191439986 0.8462740183 0.0000000000 10.1766004562 -9.4767198563 9.7216501236 1.0000000000  ]
    ObjectInstance "Hoja_B01"
AttributeEnd

AttributeBegin
    Transform [ 0.7734090090 -0.6309970021 -0.0606749989 0.0000000000 -0.6246070266 -0.7422270179 -0.2428269982 0.0000000000 -0.1081880033 -0.2257030010 0.9681699872 0.0000000000 10.1274003983 -9.4091100693 9.8107700348 1.0000000000  ]
    ObjectInstance "Hoja_B01"
AttributeEnd

AttributeBegin
    Transform [ -0.6419979930 -0.7540240288 -0.1388770044 0.0000000000 -0.7130619884 0.6537659764 -0.2532460093 0.0000000000 -0.2817460001 0.0635552034 0.9573820233 0.0000000000 10.1436004639 -9.2937602997 9.9734897614 1.0000000000  ]
    ObjectInstance "Hoja_B01"
AttributeEnd

AttributeBegin
    Transform [ -0.1597730070 0.9562249780 0.2451670021 0.0000000000 0.9302610159 0.2289430052 -0.2867040038 0.0000000000 0.3302829862 -0.1822620034 0.9261170030 0.0000000000 10.2776002884 -9.2943801880 9.9569196701 1.0000000000  ]
    ObjectInstance "Hoja_B01"
AttributeEnd

AttributeBegin
    Transform [ -0.6290609837 -0.7553089857 -0.1838240027 0.0000000000 -0.4839319885 0.5655679703 -0.6677899957 0.0000000000 -0.6083520055 0.3311220109 0.7212949991 0.0000000000 9.8931303024 -9.4886398315 9.6381196976 1.0000000000  ]
    ObjectInstance "Hoja_B01"
AttributeEnd

AttributeBegin
    Transform [ -0.9112070203 -0.4100889862 -0.0391001999 0.0000000000 -0.3288390040 0.7812579870 -0.5305659771 0.0000000000 -0.2481269985 0.4705980122 0.8467410207 0.0000000000 9.8037500381 -9.4517202377 9.7132596970 1.0000000000  ]
    ObjectInstance "Hoja_B01"
AttributeEnd

AttributeBegin
    Transform [ -0.8411260247 0.4730949998 -0.2620849907 0.0000000000 0.5360869765 0.6652039886 -0.5197250247 0.0000000000 0.0715394989 0.5776550174 0.8131399751 0.0000000000 9.8080701828 -9.4335203171 9.7758102417 1.0000000000  ]
    ObjectInstance "Hoja_B01"
AttributeEnd

AttributeBegin
    Transform [ -0.5441679955 -0.8389340043 0.0083884997 0.0000000000 -0.4926399887 0.3114210069 -0.8126019835 0.0000000000 -0.6791080236 0.4463250041 0.5827580094 0.0000000000 9.6553201675 -9.4575700760 9.7292604446 1.0000000000  ]
    ObjectInstance "Hoja_B01"
AttributeEnd

AttributeBegin
    Transform [ -0.2049060017 -0.9787799716 0.0014727199 0.0000000000 -0.7325450182 0.1523589939 -0.6634479761 0.0000000000 -0.6491460204 0.1370230019 0.7482209802 0.0000000000 9.6070804596 -9.4231195450 9.7919101715 1.0000000000  ]
    ObjectInstance "Hoja_B01"
AttributeEnd

AttributeBegin
    Transform [ 0.9979810119 0.0253547002 0.0582295991 0.0000000000 0.0353385992 -0.9835010171 -0.1774149984 0.0000000000 -0.0527704991 -0.1791149974 0.9824119806 0.0000000000 9.6379404068 -9.5413303375 9.8485803604 1.0000000000  ]
    ObjectInstance "Hoja_B01"
AttributeEnd

AttributeBegin
    Transform [ -0.8128749728 -0.5011910200 -0.2967160046 0.0000000000 -0.4063389897 0.8529779911 -0.3275940120 0.0000000000 -0.4172799885 0.1457259953 0.8970180154 0.0000000000 9.6033201218 -9.4191904068 9.8497695923 1.0000000000  ]
    ObjectInstance "Hoja_B01"
AttributeEnd

AttributeBegin
    Transform [ -0.9088929892 -0.3752500117 0.1819369942 0.0000000000 -0.3981930017 0.9105319977 -0.1112359986 0.0000000000 0.1239190027 0.1735479981 0.9769979715 0.0000000000 9.5735702515 -9.4182395935 9.7972202301 1.0000000000  ]
    ObjectInstance "Hoja_B01"
AttributeEnd

AttributeBegin
    Transform [ 0.9478729963 -0.1612090021 -0.2748610079 0.0000000000 -0.2639819980 -0.8803859949 -0.3939979970 0.0000000000 0.1784670055 -0.4460180104 0.8770509958 0.0000000000 9.5820703506 -9.5896196365 9.8121795654 1.0000000000  ]
    ObjectInstance "Hoja_B01"
AttributeEnd

AttributeBegin
    Transform [ 0.8157610297 -0.5751709938 -0.0609362982 0.0000000000 -0.4731299877 -0.6029880047 -0.6423029900 0.0000000000 -0.3326900005 -0.5527970195 0.7640240192 0.0000000000 9.5183401108 -9.5533895493 9.7700700760 1.0000000000  ]
    ObjectInstance "Hoja_B01"
AttributeEnd

AttributeBegin
    Transform [ -0.2442799956 0.9252489805 0.2902440131 0.0000000000 0.8173599839 0.3575159907 -0.4517810047 0.0000000000 0.5217760205 -0.1268730015 0.8435950279 0.0000000000 9.5712003708 -9.4680900574 9.8751802444 1.0000000000  ]
    ObjectInstance "Hoja_B01"
AttributeEnd

AttributeBegin
    Transform [ -0.6185389757 -0.7571660280 0.2100200057 0.0000000000 -0.7668780088 0.5234839916 -0.3712979853 0.0000000000 -0.1711920053 0.3907220066 0.9044499993 0.0000000000 9.9562501907 -9.5797996521 9.9312896729 1.0000000000  ]
    ObjectInstance "Hoja_B01"
AttributeEnd

AttributeBegin
    Transform [ 0.9996169806 -0.0122242998 0.0248459000 0.0000000000 -0.0000001919 -0.8972809911 -0.4414600134 0.0000000000 -0.0276903007 -0.4412910044 0.8969370127 0.0000000000 9.9913797379 -9.6757402420 9.9494800568 1.0000000000  ]
    ObjectInstance "Hoja_B01"
AttributeEnd

AttributeBegin
    Transform [ 0.9265019894 0.3660370111 -0.0872455016 0.0000000000 0.2003889978 -0.6761959791 -0.7089449763 0.0000000000 0.3184950054 -0.6393560171 0.6998469830 0.0000000000 10.0283002853 -9.7299299240 9.8847503662 1.0000000000  ]
    ObjectInstance "Hoja_B01"
AttributeEnd

AttributeBegin
    Transform [ 0.9919800162 -0.0800122991 0.0978500992 0.0000000000 0.0000000000 -0.7741389871 -0.6330149770 0.0000000000 -0.1263989955 -0.6279379725 0.7679299712 0.0000000000 10.1159000397 -9.6927099228 9.9391298294 1.0000000000  ]
    ObjectInstance "Hoja_B01"
AttributeEnd

AttributeBegin
    Transform [ 0.8587639928 0.4492129982 0.2464369982 0.0000000000 0.5119259953 -0.7322149873 -0.4492140114 0.0000000000 0.0213479996 -0.5119259953 0.8587639928 0.0000000000 10.0924997330 -9.7825803757 9.9395999908 1.0000000000  ]
    ObjectInstance "Hoja_B01"
AttributeEnd

AttributeBegin
    Transform [ 0.9626520276 -0.0525583997 0.2655909956 0.0000000000 0.0479568988 -0.9323620200 -0.3583300114 0.0000000000 -0.2664610147 -0.3576839864 0.8950200081 0.0000000000 10.0678997040 -9.7476501465 10.0424003601 1.0000000000  ]
    ObjectInstance "Hoja_B01"
AttributeEnd

AttributeBegin
    Transform [ -0.9253420234 0.3756499887 -0.0512746982 0.0000000000 0.3787760139 0.9101070166 -0.1680330038 0.0000000000 0.0164560005 0.1749089956 0.9844470024 0.0000000000 10.0431003571 -9.6815099716 10.0537996292 1.0000000000  ]
    ObjectInstance "Hoja_B01"
AttributeEnd

AttributeBegin
    Transform [ 0.2673670053 0.9631549716 -0.0291235000 0.0000000000 0.9375759959 -0.2670040131 -0.2228469998 0.0000000000 0.2224120051 -0.0322763994 0.9744189978 0.0000000000 10.1328001022 -9.7726602554 10.0564002991 1.0000000000  ]
    ObjectInstance "Hoja_B01"
AttributeEnd

AttributeBegin
    Transform [ -0.8011919856 0.5710830092 0.1787610054 0.0000000000 0.4986430109 0.8022860289 -0.3281649947 0.0000000000 0.3308269978 0.1737859994 0.9275519848 0.0000000000 10.0804004669 -9.6648302078 10.1080999374 1.0000000000  ]
    ObjectInstance "Hoja_B01"
AttributeEnd

AttributeBegin
    Transform [ 0.4635320008 -0.8595719934 -0.2151149958 0.0000000000 -0.7862240076 -0.2870280147 -0.5472360253 0.0000000000 -0.4086450040 -0.4227899909 0.8088619709 0.0000000000 9.9739303589 -9.7993497849 10.0961999893 1.0000000000  ]
    ObjectInstance "Hoja_B01"
AttributeEnd

AttributeBegin
    Transform [ -0.0496857986 0.9775810242 -0.2046130002 0.0000000000 0.9850670099 0.0141514996 -0.1715900004 0.0000000000 0.1648479998 0.2100829929 0.9636859894 0.0000000000 10.1450996399 -9.7734003067 10.1721000671 1.0000000000  ]
    ObjectInstance "Hoja_B01"
AttributeEnd

AttributeBegin
    Transform [ -0.3688629866 -0.9228860140 0.1105479971 0.0000000000 -0.6902099848 0.1923049986 -0.6975880265 0.0000000000 -0.6225349903 0.3336159885 0.7079200149 0.0000000000 9.9636697769 -9.7604999542 10.1815004349 1.0000000000  ]
    ObjectInstance "Hoja_B01"
AttributeEnd

AttributeBegin
    Transform [ 0.9445679784 -0.1767500043 0.2766779959 0.0000000000 -0.0000001639 -0.8427190185 -0.5383530259 0.0000000000 -0.3283160031 -0.5085110068 0.7960060239 0.0000000000 9.9742002487 -9.4266300201 10.0965003967 1.0000000000  ]
    ObjectInstance "Hoja_B01"
AttributeEnd

AttributeBegin
    Transform [ -0.8644710183 0.4898670018 -0.1127879992 0.0000000000 0.4767050147 0.7276970148 -0.4931609929 0.0000000000 0.1595080048 0.4800899923 0.8625950217 0.0000000000 10.0183000565 -9.3054895401 10.0509996414 1.0000000000  ]
    ObjectInstance "Hoja_B01"
AttributeEnd

AttributeBegin
    Transform [ -0.1720259935 0.9626809955 -0.2089319974 0.0000000000 0.7817530036 0.0043603498 -0.6235730052 0.0000000000 0.5993899703 0.2706040144 0.7533289790 0.0000000000 10.0458002090 -9.3783597946 10.1329002380 1.0000000000  ]
    ObjectInstance "Hoja_B01"
AttributeEnd

AttributeBegin
    Transform [ -0.6779130101 0.7004629970 0.2231249958 0.0000000000 0.6055420041 0.7041580081 -0.3707840145 0.0000000000 0.4168359935 0.1162479967 0.9015179873 0.0000000000 10.0558004379 -9.2908296585 10.0839996338 1.0000000000  ]
    ObjectInstance "Hoja_B01"
AttributeEnd

AttributeBegin
    Transform [ 0.9984639883 -0.0394691005 -0.0388781987 0.0000000000 -0.0546432994 -0.8172860146 -0.5736359954 0.0000000000 0.0091337301 -0.5748789907 0.8181880116 0.0000000000 10.0115995407 -9.3869495392 10.1887998581 1.0000000000  ]
    ObjectInstance "Hoja_B01"
AttributeEnd

AttributeBegin
    Transform [ 0.7390919924 0.6485499740 -0.1820030063 0.0000000000 0.4363940060 -0.6668360233 -0.6040610075 0.0000000000 0.5131300092 -0.3670310080 0.7758769989 0.0000000000 9.9126396179 -9.6565399170 10.0647001266 1.0000000000  ]
    ObjectInstance "Hoja_B01"
AttributeEnd

AttributeBegin
    Transform [ 0.2892560065 -0.9520279765 -0.0998698026 0.0000000000 -0.9473130107 -0.2696950138 -0.1728090048 0.0000000000 -0.1375840008 -0.1445939988 0.9798790216 0.0000000000 9.7684097290 -9.5561895370 10.0881996155 1.0000000000  ]
    ObjectInstance "Hoja_B01"
AttributeEnd

AttributeBegin
    Transform [ 0.3487280011 -0.9372019768 -0.0063438001 0.0000000000 -0.7873759866 -0.2892940044 -0.5443789959 0.0000000000 -0.5083580017 -0.1948350072 0.8388159871 0.0000000000 9.7357902527 -9.6252403259 10.1472997665 1.0000000000  ]
    ObjectInstance "Hoja_B01"
AttributeEnd

AttributeBegin
    Transform [ 0.1793379933 -0.9239510298 -0.3378640115 0.0000000000 -0.9819710255 -0.1472589970 -0.1185220033 0.0000000000 -0.0597551018 -0.3530279994 0.9337030053 0.0000000000 9.6492004395 -9.6035003662 10.1937999725 1.0000000000  ]
    ObjectInstance "Hoja_B01"
AttributeEnd

AttributeBegin
    Transform [ -0.3982090056 -0.9155520201 0.0565208010 0.0000000000 -0.9084579945 0.3850910068 -0.1625110060 0.0000000000 -0.1270209998 0.1160600036 0.9850860238 0.0000000000 9.5618801117 -9.6431102753 10.2070999146 1.0000000000  ]
    ObjectInstance "Hoja_B01"
AttributeEnd

AttributeBegin
    Transform [ -0.8674060106 -0.4210410118 -0.2651990056 0.0000000000 -0.3921009898 0.9064790010 -0.1566909999 0.0000000000 -0.3063710034 0.0319297016 0.9513769746 0.0000000000 9.5942296982 -9.5863599777 10.2124004364 1.0000000000  ]
    ObjectInstance "Hoja_B01"
AttributeEnd

AttributeBegin
    Transform [ -0.0192830991 0.9879959822 -0.1532739997 0.0000000000 0.9416750073 -0.0335677005 -0.3348439932 0.0000000000 0.3359700143 0.1507920027 0.9297239780 0.0000000000 10.0663003922 -9.5146999359 10.2732000351 1.0000000000  ]
    ObjectInstance "Hoja_B01"
AttributeEnd

AttributeBegin
    Transform [ -0.9235140085 0.2228730023 -0.3121680021 0.0000000000 0.3165459931 0.9024670124 -0.2921490073 0.0000000000 -0.2166090012 0.3686200082 0.9039909840 0.0000000000 10.0268001556 -9.4470396042 10.2686996460 1.0000000000  ]
    ObjectInstance "Hoja_B01"
AttributeEnd

AttributeBegin
    Transform [ -0.2166080028 0.9328410029 -0.2879039943 0.0000000000 0.9723770022 0.1798820049 -0.1487420052 0.0000000000 0.0869638994 0.3121710122 0.9460380077 0.0000000000 10.1064996719 -9.5644598007 10.2917995453 1.0000000000  ]
    ObjectInstance "Hoja_B01"
AttributeEnd

AttributeBegin
    Transform [ -0.3381299973 0.9078469872 -0.2479539961 0.0000000000 0.7730119824 0.1176500022 -0.6233860254 0.0000000000 0.5367680192 0.4024569988 0.7415580153 0.0000000000 10.2128000259 -9.5426397324 10.3579998016 1.0000000000  ]
    ObjectInstance "Hoja_B01"
AttributeEnd

AttributeBegin
    Transform [ -0.1787119955 -0.9688590169 -0.1713909954 0.0000000000 -0.6348149776 0.2466299981 -0.7322459817 0.0000000000 -0.7517129779 0.0220596995 0.6591219902 0.0000000000 10.0436000824 -9.5154600143 10.4028997421 1.0000000000  ]
    ObjectInstance "Hoja_B01"
AttributeEnd

AttributeBegin
    Transform [ 0.8538860083 0.4851509929 -0.1884319931 0.0000000000 0.3276450038 -0.7823820114 -0.5296480060 0.0000000000 0.4043850005 -0.3905200064 0.8270230293 0.0000000000 10.1258001328 -9.5948495865 10.4278001785 1.0000000000  ]
    ObjectInstance "Hoja_B01"
AttributeEnd

AttributeBegin
    Transform [ -0.9633889794 0.2064599991 -0.1710460037 0.0000000000 0.2673949897 0.7864199877 -0.5568159819 0.0000000000 -0.0195533000 0.5821670294 0.8128340244 0.0000000000 10.1711997986 -9.4829597473 10.5682001114 1.0000000000  ]
    ObjectInstance "Hoja_B01"
AttributeEnd

AttributeBegin
    Transform [ 0.9534010291 0.2596809864 -0.1536000073 0.0000000000 0.0743319988 -0.6955810189 -0.7145919800 0.0000000000 0.2924070060 -0.6698750257 0.6824709773 0.0000000000 10.1663999557 -9.6255598068 10.5712003708 1.0000000000  ]
    ObjectInstance "Hoja_B01"
AttributeEnd

AttributeBegin
    Transform [ 0.1602350026 0.9805639982 -0.1132220030 0.0000000000 0.8144699931 -0.1961439997 -0.5460460186 0.0000000000 0.5576410294 0.0047205701 0.8300690055 0.0000000000 9.8763599396 -9.4941902161 10.4022998810 1.0000000000  ]
    ObjectInstance "Hoja_B01"
AttributeEnd

AttributeBegin
    Transform [ -0.9497200251 -0.2664699852 0.1643950045 0.0000000000 -0.3084790111 0.8862239718 -0.3456119895 0.0000000000 0.0535959005 0.3789480031 0.9238650203 0.0000000000 9.8155097961 -9.3684902191 10.4188995361 1.0000000000  ]
    ObjectInstance "Hoja_B01"
AttributeEnd

AttributeBegin
    Transform [ -0.1160819978 0.9925869703 -0.0359995998 0.0000000000 0.7763310075 0.0680641979 -0.6266400218 0.0000000000 0.6195440292 0.1006899998 0.7784770131 0.0000000000 9.8491601944 -9.4276103973 10.4776000977 1.0000000000  ]
    ObjectInstance "Hoja_B01"
AttributeEnd

AttributeBegin
    Transform [ -0.8450859785 0.4954339862 -0.2009350061 0.0000000000 0.4557319880 0.4710519910 -0.7552610040 0.0000000000 0.2795310020 0.7298330069 0.6238650084 0.0000000000 9.8113203049 -9.2779397964 10.5396995544 1.0000000000  ]
    ObjectInstance "Hoja_B01"
AttributeEnd

AttributeBegin
    Transform [ -0.2340919971 -0.9488260150 -0.2119649947 0.0000000000 -0.5745900273 0.3108940125 -0.7570940256 0.0000000000 -0.7842490077 0.0554370992 0.6179640293 0.0000000000 9.6501998901 -9.2732801437 10.5572996140 1.0000000000  ]
    ObjectInstance "Hoja_B01"
AttributeEnd

AttributeBegin
    Transform [ 0.6460649967 -0.7543749809 0.1162649989 0.0000000000 -0.5906590223 -0.5905960202 -0.5498350263 0.0000000000 -0.4834469855 -0.2865560055 0.8271420002 0.0000000000 9.6910200119 -9.3768901825 10.6084995270 1.0000000000  ]
    ObjectInstance "Hoja_B01"
AttributeEnd

AttributeBegin
    Transform [ 0.5182790160 0.8463199735 0.1230010018 0.0000000000 0.8305749893 -0.4638420045 -0.3082140088 0.0000000000 0.2037950009 -0.2619020045 0.9433320165 0.0000000000 9.7925100327 -9.3645496368 10.6265001297 1.0000000000  ]
    ObjectInstance "Hoja_B01"
AttributeEnd

AttributeBegin
    Transform [ 0.0640074015 -0.9530479908 -0.2959769964 0.0000000000 -0.9853159785 -0.0133103998 -0.1702229977 0.0000000000 -0.1582909971 -0.3025259972 0.9399049878 0.0000000000 9.6402702332 -9.2814702988 10.7451000214 1.0000000000  ]
    ObjectInstance "Hoja_B01"
AttributeEnd

AttributeBegin
    Transform [ 0.9627259970 0.0305710994 -0.2687459886 0.0000000000 0.0000000000 -0.9935920238 -0.1130260006 0.0000000000 0.2704789937 -0.1088130027 0.9565569758 0.0000000000 9.7548103333 -9.2411899567 10.7341003418 1.0000000000  ]
    ObjectInstance "Hoja_B01"
AttributeEnd

AttributeBegin
    Transform [ 0.4741190076 -0.8804150224 0.0089091202 0.0000000000 -0.5090479851 -0.2823590040 -0.8131070137 0.0000000000 -0.7183880210 -0.3809750080 0.5820459723 0.0000000000 9.7627496719 -9.6067895889 10.4547996521 1.0000000000  ]
    ObjectInstance "Hoja_B01"
AttributeEnd

AttributeBegin
    Transform [ -0.9432799816 -0.2028679997 -0.2628079951 0.0000000000 -0.0297148991 0.8400040269 -0.5417659879 0.0000000000 -0.3306669891 0.5032280087 0.7983859777 0.0000000000 9.7937202454 -9.4591398239 10.5155000687 1.0000000000  ]
    ObjectInstance "Hoja_B01"
AttributeEnd

AttributeBegin
    Transform [ -0.9356769919 0.2566350102 -0.2421730012 0.0000000000 0.3518970013 0.7293009758 -0.5867609978 0.0000000000 -0.0260341000 0.6342380047 0.7726989985 0.0000000000 9.8555202484 -9.5014896393 10.5638999939 1.0000000000  ]
    ObjectInstance "Hoja_B01"
AttributeEnd

AttributeBegin
    Transform [ 0.5043089986 -0.8635209799 0.0020058400 0.0000000000 -0.8558009863 -0.5001080036 -0.1322710067 0.0000000000 -0.1152219996 -0.0649890974 0.9912109971 0.0000000000 9.7737197876 -9.5918703079 10.5738000870 1.0000000000  ]
    ObjectInstance "Hoja_B01"
AttributeEnd

AttributeBegin
    Transform [ 0.9971899986 0.0056093498 -0.0747003034 0.0000000000 0.0000000000 -0.9971929789 -0.0748813003 0.0000000000 0.0749106035 -0.0746709034 0.9943910241 0.0000000000 9.7755298615 -9.5090599060 10.6561002731 1.0000000000  ]
    ObjectInstance "Hoja_B01"
AttributeEnd

AttributeBegin
    Transform [ -0.9653530121 0.1700769961 0.1979050040 0.0000000000 0.1167910025 0.9598190188 -0.2551620007 0.0000000000 0.2333510071 0.2232079953 0.9464280009 0.0000000000 9.8009004593 -9.4583301544 10.7206001282 1.0000000000  ]
    ObjectInstance "Hoja_B01"
AttributeEnd

AttributeBegin
    Transform [ 0.7578070164 -0.6264539957 -0.1824380010 0.0000000000 -0.6262480021 -0.6198469996 -0.4728670120 0.0000000000 -0.1831459999 -0.4725939929 0.8620399833 0.0000000000 10.1181001663 -10.2424001694 8.5440597534 1.0000000000  ]
    ObjectInstance "Hoja_B01"
AttributeEnd

AttributeBegin
    Transform [ -0.0901215971 -0.9870269895 0.1328759938 0.0000000000 -0.6196630001 -0.0488771014 -0.7833449841 0.0000000000 -0.7796769738 0.1529349983 0.6072189808 0.0000000000 9.9318304062 -10.1956996918 8.7224798203 1.0000000000  ]
    ObjectInstance "Hoja_B01"
AttributeEnd

AttributeBegin
    Transform [ 0.7518910170 0.6590999961 0.0157267004 0.0000000000 0.5552120209 -0.6201530099 -0.5542110205 0.0000000000 0.3555279970 -0.4254379869 0.8322280049 0.0000000000 10.3206996918 -10.5657997131 8.2173204422 1.0000000000  ]
    ObjectInstance "Hoja_B01"
AttributeEnd

AttributeBegin
    Transform [ 0.9551650286 -0.2802770138 -0.0954122990 0.0000000000 -0.2936460078 -0.8556320071 -0.4262219965 0.0000000000 -0.0378223993 -0.4351300001 0.8995730281 0.0000000000 10.1620998383 -10.6122999191 8.1653404236 1.0000000000  ]
    ObjectInstance "Hoja_B01"
AttributeEnd

AttributeBegin
    Transform [ 0.6568040252 -0.7358999848 0.1644999981 0.0000000000 -0.5772209764 -0.6310340166 -0.5182780027 0.0000000000 -0.4852060080 -0.2454539984 0.8392419815 0.0000000000 10.1384000778 -10.7426004410 8.1142702103 1.0000000000  ]
    ObjectInstance "Hoja_B01"
AttributeEnd

AttributeBegin
    Transform [ 0.1622480005 0.9332219958 -0.3205809891 0.0000000000 0.9351810217 -0.2490819991 -0.2517839968 0.0000000000 0.3148219883 0.2589499950 0.9131439924 0.0000000000 10.2449998856 -10.7259998322 8.2104301453 1.0000000000  ]
    ObjectInstance "Hoja_B01"
AttributeEnd

AttributeBegin
    Transform [ 0.8469499946 -0.5080890059 -0.1565929949 0.0000000000 -0.5186030269 -0.7245820165 -0.4539079964 0.0000000000 -0.1171609983 -0.4656470120 0.8771809936 0.0000000000 10.0670003891 -10.8512001038 8.1023302078 1.0000000000  ]
