
#############################################


AttributeBegin
    ObjectBegin "Hoja_A01"

    AttributeBegin
        Transform [ 1.0000000000 0.0000000000 0.0000000000 0.0000000000 0.0000000000 1.0000000000 0.0000000000 0.0000000000 0.0000000000 0.0000000000 1.0000000000 0.0000000000 0.0000000000 0.0000000000 0.0000000000 1.0000000000  ]
        NamedMaterial "Leave A_a"
        Shape "plymesh" "string filename" "geometry/hojas_a6_00001.ply" 
                "texture alpha" "Leave A_a_Alpha" 
    AttributeEnd
AttributeEnd
ObjectEnd

AttributeBegin
    Transform [ -0.2142159939 -0.9692199826 -0.1213399991 0.0000000000 -0.4034979939 0.2009339929 -0.8926450014 0.0000000000 -0.8895509839 0.1422580034 0.4341219962 0.0000000000 10.7735004425 -8.8421802521 3.0499300957 1.0000000000  ]
    ObjectInstance "Hoja_A01"
AttributeEnd

AttributeBegin
    Transform [ 0.4240570068 -0.9045860171 0.0435906984 0.0000000000 -0.8582289815 -0.4167619944 -0.2995890081 0.0000000000 -0.2891699970 -0.0896319002 0.9530720115 0.0000000000 10.7769002914 -8.9081401825 3.1258499622 1.0000000000  ]
    ObjectInstance "Hoja_A01"
AttributeEnd

AttributeBegin
    Transform [ -0.6775400043 -0.2146019936 0.7034810185 0.0000000000 -0.3932290077 0.9139959812 -0.0999075994 0.0000000000 0.6215389967 0.3443210125 0.7036569715 0.0000000000 10.8436002731 -8.7591495514 3.1972301006 1.0000000000  ]
    ObjectInstance "Hoja_A01"
AttributeEnd

AttributeBegin
    Transform [ 0.9619449973 -0.2365310043 -0.1368049979 0.0000000000 -0.2582960129 -0.9504699707 -0.1728840023 0.0000000000 0.0891368985 -0.2016409934 0.9753950238 0.0000000000 10.7776002884 -8.8246803284 3.2278399467 1.0000000000  ]
    ObjectInstance "Hoja_A01"
AttributeEnd

AttributeBegin
    Transform [ 0.9885050058 -0.1172669977 -0.0954227969 0.0000000000 -0.1511259973 -0.7842000127 -0.6018239856 0.0000000000 0.0042564399 -0.6093270183 0.7929080129 0.0000000000 10.7684001923 -8.7214899063 3.3326799870 1.0000000000  ]
    ObjectInstance "Hoja_A01"
AttributeEnd

AttributeBegin
    Transform [ -0.7221159935 -0.1442559958 0.6765639782 0.0000000000 -0.2606280148 0.9626820087 -0.0729153976 0.0000000000 0.6407970190 0.2289849967 0.7327659726 0.0000000000 10.7607002258 -8.5988302231 3.3423399925 1.0000000000  ]
    ObjectInstance "Hoja_A01"
AttributeEnd

AttributeBegin
    Transform [ -0.9018570185 0.4248009920 0.0787298009 0.0000000000 0.3319180012 0.7979159951 -0.5031499863 0.0000000000 0.2765580118 0.4276379943 0.8606050014 0.0000000000 10.8484001160 -9.0058803558 3.4038701057 1.0000000000  ]
    ObjectInstance "Hoja_A01"
AttributeEnd

AttributeBegin
    Transform [ 0.4745369852 -0.8745329976 0.1000330001 0.0000000000 -0.3913730085 -0.3114160001 -0.8659369946 0.0000000000 -0.7884420156 -0.3717690110 0.4900470078 0.0000000000 10.7878999710 -9.1717901230 3.4841299057 1.0000000000  ]
    ObjectInstance "Hoja_A01"
AttributeEnd

AttributeBegin
    Transform [ -0.3496490121 -0.8152520061 0.4616380036 0.0000000000 -0.5804719925 -0.1982569993 -0.7897760272 0.0000000000 -0.7353889942 0.5441129804 0.4039109945 0.0000000000 10.8165998459 -9.2173204422 3.5902400017 1.0000000000  ]
    ObjectInstance "Hoja_A01"
AttributeEnd

AttributeBegin
    Transform [ 0.9392439723 0.1170980036 -0.3226599991 0.0000000000 0.0000000000 -0.9400110245 -0.3411439955 0.0000000000 0.3432509899 -0.3204169869 0.8828999996 0.0000000000 10.8819999695 -9.1551599503 3.6482100487 1.0000000000  ]
    ObjectInstance "Hoja_A01"
AttributeEnd

AttributeBegin
    Transform [ 0.9932820201 0.0236709006 0.1132690012 0.0000000000 0.0462024994 -0.9785709977 -0.2006579936 0.0000000000 -0.1060919985 -0.2045429945 0.9730910063 0.0000000000 10.8908004761 -9.2477903366 3.6772699356 1.0000000000  ]
    ObjectInstance "Hoja_A01"
AttributeEnd

AttributeBegin
    Transform [ 0.8666229844 -0.3049179912 -0.3949550092 0.0000000000 -0.4750190079 -0.7464460135 -0.4660210013 0.0000000000 0.1527139992 -0.5914750099 0.7917289734 0.0000000000 10.8533000946 -9.2771301270 3.7716600895 1.0000000000  ]
    ObjectInstance "Hoja_A01"
AttributeEnd

AttributeBegin
    Transform [ 0.6887779832 -0.5156990290 0.5095490217 0.0000000000 -0.0000001192 -0.7028520107 -0.7113360167 0.0000000000 -0.7249730229 -0.4899519980 0.4841090143 0.0000000000 10.9851999283 -9.2945003510 3.8254699707 1.0000000000  ]
    ObjectInstance "Hoja_A01"
AttributeEnd

AttributeBegin
    Transform [ 0.6977249980 -0.0786262006 0.7120379806 0.0000000000 -0.0000002831 -0.9939579964 -0.1097569987 0.0000000000 -0.7163659930 -0.0765798017 0.6935099959 0.0000000000 11.1702995300 -8.6774501801 3.6325299740 1.0000000000  ]
    ObjectInstance "Hoja_A01"
AttributeEnd

AttributeBegin
    Transform [ 0.9136170149 0.0667788982 0.4010539949 0.0000000000 0.2797960043 -0.8189569712 -0.5010229945 0.0000000000 -0.2949880064 -0.5699560046 0.7668979764 0.0000000000 11.2027997971 -8.8416404724 3.6532099247 1.0000000000  ]
    ObjectInstance "Hoja_A01"
AttributeEnd

AttributeBegin
    Transform [ 0.8586680293 -0.3063099980 0.4109300077 0.0000000000 0.0000000000 -0.8017640114 -0.5976409912 0.0000000000 -0.5125319958 -0.5131750107 0.6884490252 0.0000000000 11.2470998764 -8.6604099274 3.6443998814 1.0000000000  ]
    ObjectInstance "Hoja_A01"
AttributeEnd

AttributeBegin
    Transform [ -0.3503350019 0.8579409719 -0.3757700026 0.0000000000 0.8360109925 0.1055359989 -0.5384680033 0.0000000000 0.4223160148 0.5027920008 0.7542210221 0.0000000000 11.3014001846 -8.7228899002 3.6556398869 1.0000000000  ]
    ObjectInstance "Hoja_A01"
AttributeEnd

AttributeBegin
    Transform [ -0.8030499816 0.1464740038 0.5776299834 0.0000000000 -0.1931570023 0.8530070186 -0.4848400056 0.0000000000 0.5637379885 0.5009239912 0.6567149758 0.0000000000 11.2312002182 -8.6696996689 3.6891400814 1.0000000000  ]
    ObjectInstance "Hoja_A01"
AttributeEnd

AttributeBegin
    Transform [ -0.8608149886 -0.4713160098 -0.1919880062 0.0000000000 -0.1604360044 0.6093310118 -0.7765150070 0.0000000000 -0.4829680026 0.6376339793 0.6001369953 0.0000000000 11.2681999207 -8.5406503677 3.7433700562 1.0000000000  ]
    ObjectInstance "Hoja_A01"
AttributeEnd

AttributeBegin
    Transform [ -0.6492589712 -0.6175140142 0.4440039992 0.0000000000 -0.7604150176 0.5387200117 -0.3626979887 0.0000000000 0.0152227003 0.5731120110 0.8193359971 0.0000000000 11.2215995789 -8.5846300125 3.7793400288 1.0000000000  ]
    ObjectInstance "Hoja_A01"
AttributeEnd

AttributeBegin
    Transform [ 0.9202049971 -0.3278880119 0.2138060033 0.0000000000 -0.0036544099 -0.5533800125 -0.8329210281 0.0000000000 -0.3914200068 -0.7656760216 0.5104209781 0.0000000000 10.7639999390 -8.9437303543 3.6253399849 1.0000000000  ]
    ObjectInstance "Hoja_A01"
AttributeEnd

AttributeBegin
    Transform [ 0.9382150173 -0.0597206987 0.3408609927 0.0000000000 -0.0000001676 -0.9849960208 -0.1725759953 0.0000000000 -0.3460530043 -0.1619140059 0.9241380095 0.0000000000 10.6901998520 -8.7453203201 3.6429100037 1.0000000000  ]
    ObjectInstance "Hoja_A01"
AttributeEnd

AttributeBegin
    Transform [ 0.8464310169 0.3677810133 0.3850860000 0.0000000000 0.5031309724 -0.7892029881 -0.3521609902 0.0000000000 -0.1743929982 -0.4918290079 0.8530489802 0.0000000000 10.7548999786 -8.8615303040 3.6879498959 1.0000000000  ]
    ObjectInstance "Hoja_A01"
AttributeEnd

AttributeBegin
    Transform [ -0.7943810225 0.4121809900 0.4461689889 0.0000000000 -0.0770398974 0.6602299809 -0.7471020222 0.0000000000 0.6025149822 0.6278560162 0.4927200079 0.0000000000 10.7122001648 -8.7452297211 3.6946799755 1.0000000000  ]
    ObjectInstance "Hoja_A01"
AttributeEnd

AttributeBegin
    Transform [ -0.5355790257 -0.7701529860 0.3464390039 0.0000000000 -0.8416100144 0.4529550076 -0.2941490114 0.0000000000 -0.0696183965 0.4491060078 0.8907619715 0.0000000000 10.6550998688 -8.7208204269 3.6793899536 1.0000000000  ]
    ObjectInstance "Hoja_A01"
AttributeEnd

AttributeBegin
    Transform [ -0.5266540051 -0.8352969885 -0.1578429937 0.0000000000 -0.7941979766 0.5496870279 -0.2590219975 0.0000000000 -0.3031249940 0.0110564996 0.9528869987 0.0000000000 10.8636999130 -8.9333696365 3.7135798931 1.0000000000  ]
    ObjectInstance "Hoja_A01"
AttributeEnd

AttributeBegin
    Transform [ 0.8690170050 -0.3392739892 -0.3601430058 0.0000000000 -0.4935970008 -0.5440980196 -0.6784679890 0.0000000000 -0.0342331007 -0.7673659921 0.6402950287 0.0000000000 10.8842000961 -9.0946197510 3.7832601070 1.0000000000  ]
    ObjectInstance "Hoja_A01"
AttributeEnd

AttributeBegin
    Transform [ 0.9255980253 -0.1479910016 0.3483769894 0.0000000000 0.0962195992 -0.7981650233 -0.5947049856 0.0000000000 -0.3660730124 -0.5839790106 0.7245410085 0.0000000000 11.0088996887 -9.1476802826 3.7986099720 1.0000000000  ]
    ObjectInstance "Hoja_A01"
AttributeEnd

AttributeBegin
    Transform [ 0.9732729793 -0.1636220068 0.1611420065 0.0000000000 0.0000000000 -0.7016879916 -0.7124850154 0.0000000000 -0.2296500057 -0.6934419870 0.6829339862 0.0000000000 11.0648002625 -9.0456104279 4.0531997681 1.0000000000  ]
    ObjectInstance "Hoja_A01"
AttributeEnd

AttributeBegin
    Transform [ 0.7220000029 -0.4771060050 0.5010849833 0.0000000000 -0.0000001192 -0.7242230177 -0.6895650029 0.0000000000 -0.6918929815 -0.4978660047 0.5228890181 0.0000000000 10.9681997299 -9.1390304565 4.0495901108 1.0000000000  ]
    ObjectInstance "Hoja_A01"
AttributeEnd

AttributeBegin
    Transform [ -0.8300160170 -0.5168020129 -0.2097360045 0.0000000000 -0.2283280045 0.6579430103 -0.7176190019 0.0000000000 -0.5088620186 0.5477460027 0.6641039848 0.0000000000 10.9040002823 -8.5995798111 3.8917500973 1.0000000000  ]
    ObjectInstance "Hoja_A01"
AttributeEnd

AttributeBegin
    Transform [ -0.8356789947 0.4377549887 0.3316789865 0.0000000000 0.0029330300 0.6074600220 -0.7943450212 0.0000000000 0.5492110252 0.6628450155 0.5089250207 0.0000000000 10.8867998123 -8.5612401962 3.9678399563 1.0000000000  ]
    ObjectInstance "Hoja_A01"
AttributeEnd

AttributeBegin
    Transform [ 0.2219080031 0.9073399901 0.3570579886 0.0000000000 0.6250190139 0.1487009972 -0.7663159966 0.0000000000 0.7484040260 -0.3932200074 0.5341070294 0.0000000000 10.9771995544 -8.6394701004 4.0588498116 1.0000000000  ]
    ObjectInstance "Hoja_A01"
AttributeEnd

AttributeBegin
    Transform [ -0.5060349703 -0.7290319800 0.4609119892 0.0000000000 -0.7495020032 0.1072380021 -0.6532580256 0.0000000000 -0.4268189967 0.6760259867 0.6006780267 0.0000000000 10.8763999939 -8.5842304230 4.0428400040 1.0000000000  ]
    ObjectInstance "Hoja_A01"
AttributeEnd

AttributeBegin
    Transform [ -0.6746979952 -0.5119580030 0.5316780210 0.0000000000 -0.7293480039 0.3518770039 -0.5867149830 0.0000000000 -0.1132880002 0.7836340070 0.6108059883 0.0000000000 10.8299999237 -8.5526695251 4.0460100174 1.0000000000  ]
    ObjectInstance "Hoja_A01"
AttributeEnd

AttributeBegin
    Transform [ 0.6276339889 0.6093800068 0.4844900072 0.0000000000 0.6817910075 -0.1298280060 -0.7199339867 0.0000000000 0.3758130074 -0.7821769714 0.4969539940 0.0000000000 10.9656000137 -8.5409202576 4.1137499809 1.0000000000  ]
    ObjectInstance "Hoja_A01"
AttributeEnd

AttributeBegin
    Transform [ -0.7843769789 -0.3612529933 0.5042319894 0.0000000000 -0.5009760261 0.8482850194 -0.1715649962 0.0000000000 0.3657540083 0.3871800005 0.8463540077 0.0000000000 10.8705997467 -8.4746999741 4.1301598549 1.0000000000  ]
    ObjectInstance "Hoja_A01"
AttributeEnd

AttributeBegin
    Transform [ -0.6893630028 -0.7243880033 0.0064249402 0.0000000000 -0.5793589950 0.5459780097 -0.6051869988 0.0000000000 -0.4348819852 0.4209159911 0.7960579991 0.0000000000 10.8831996918 -8.3685197830 4.1702198982 1.0000000000  ]
    ObjectInstance "Hoja_A01"
AttributeEnd

AttributeBegin
    Transform [ 0.5795940161 0.6647019982 0.4714249969 0.0000000000 0.7657780051 -0.2464369982 -0.5940139890 0.0000000000 0.2786659896 -0.7052940130 0.6518480182 0.0000000000 10.9920997620 -8.4282503128 4.1732001305 1.0000000000  ]
    ObjectInstance "Hoja_A01"
AttributeEnd

AttributeBegin
    Transform [ -0.3879649937 -0.8613790274 -0.3278859854 0.0000000000 -0.8922240138 0.4402090013 -0.1007540002 0.0000000000 -0.2311259955 -0.2534590065 0.9393290281 0.0000000000 10.8496999741 -8.3745603561 4.1509799957 1.0000000000  ]
    ObjectInstance "Hoja_A01"
AttributeEnd

AttributeBegin
    Transform [ -0.7081859708 0.5977299809 -0.3757539988 0.0000000000 0.6954129934 0.4986140132 -0.5174800158 0.0000000000 0.1219569966 0.6277760267 0.7687799931 0.0000000000 10.9581003189 -8.3593997955 4.1522002220 1.0000000000  ]
    ObjectInstance "Hoja_A01"
AttributeEnd

AttributeBegin
    Transform [ -0.6392109990 -0.7586709857 -0.1258060038 0.0000000000 -0.3294230103 0.4179460108 -0.8466410041 0.0000000000 -0.6949030161 0.4997389913 0.5170800090 0.0000000000 10.7138996124 -8.7060499191 4.0955200195 1.0000000000  ]
    ObjectInstance "Hoja_A01"
AttributeEnd

AttributeBegin
    Transform [ 0.9987739921 -0.0353185013 0.0346800014 0.0000000000 -0.0000001397 -0.7006289959 -0.7135249972 0.0000000000 -0.0494984984 -0.7126510143 0.6997709870 0.0000000000 10.7208003998 -8.7580699921 4.1748499870 1.0000000000  ]
    ObjectInstance "Hoja_A01"
AttributeEnd

AttributeBegin
    Transform [ 0.4830360115 -0.8205040097 -0.3056940138 0.0000000000 -0.8227649927 -0.3058860004 -0.4790529907 0.0000000000 -0.2995570004 -0.4829140007 0.8228359818 0.0000000000 10.6462001801 -8.8450603485 4.1678700447 1.0000000000  ]
    ObjectInstance "Hoja_A01"
AttributeEnd

AttributeBegin
    Transform [ 0.9790509939 -0.1195869967 -0.1647980064 0.0000000000 -0.2019769996 -0.6728590131 -0.7116640210 0.0000000000 0.0257807001 -0.7300410271 0.6829169989 0.0000000000 10.6920003891 -8.8570604324 4.2503399849 1.0000000000  ]
    ObjectInstance "Hoja_A01"
AttributeEnd

AttributeBegin
    Transform [ -0.4988659918 0.8242580295 -0.2678259909 0.0000000000 0.8661260009 0.4851799905 -0.1201080009 0.0000000000 -0.0309439003 0.2918890119 0.9559509754 0.0000000000 10.7655000687 -8.7655401230 4.2605099678 1.0000000000  ]
    ObjectInstance "Hoja_A01"
AttributeEnd

AttributeBegin
    Transform [ -0.3397929966 0.9263409972 0.1625819951 0.0000000000 0.9177529812 0.3643719852 -0.1579920053 0.0000000000 0.2055950016 -0.0955255032 0.9739639759 0.0000000000 10.7508001328 -8.7145099640 4.2378802299 1.0000000000  ]
    ObjectInstance "Hoja_A01"
AttributeEnd

AttributeBegin
    Transform [ -0.9655640125 -0.2367170006 -0.1079429984 0.0000000000 -0.1501950026 0.8459569812 -0.5116620064 0.0000000000 -0.2124339938 0.4778299928 0.8523799777 0.0000000000 10.6796998978 -8.6685695648 4.2377400398 1.0000000000  ]
    ObjectInstance "Hoja_A01"
AttributeEnd

AttributeBegin
    Transform [ 0.9276469946 0.0437785015 -0.3708829880 0.0000000000 0.0000000000 -0.9931049943 -0.1172249988 0.0000000000 0.3734579980 -0.1087429971 0.9212509990 0.0000000000 10.6809997559 -8.7273197174 4.3476700783 1.0000000000  ]
    ObjectInstance "Hoja_A01"
AttributeEnd

AttributeBegin
    Transform [ 0.9008319974 0.3126789927 -0.3012199998 0.0000000000 0.0000000000 -0.6937869787 -0.7201799750 0.0000000000 0.4341669977 -0.6487619877 0.6249859929 0.0000000000 10.6042003632 -8.7283296585 4.3757600784 1.0000000000  ]
    ObjectInstance "Hoja_A01"
AttributeEnd

AttributeBegin
    Transform [ -0.0848205984 0.9573749900 0.2761130035 0.0000000000 0.5868790150 0.2719460130 -0.7626389861 0.0000000000 0.8052200079 -0.0973573029 0.5849300027 0.0000000000 11.1055002213 -8.7494697571 4.2057199478 1.0000000000  ]
    ObjectInstance "Hoja_A01"
AttributeEnd

AttributeBegin
    Transform [ -0.5223190188 0.8195589781 -0.2355979979 0.0000000000 0.6387349963 0.1929589957 -0.7448379993 0.0000000000 0.5649780035 0.5395280123 0.6242669821 0.0000000000 11.0766000748 -8.7829399109 4.3258299828 1.0000000000  ]
    ObjectInstance "Hoja_A01"
AttributeEnd

AttributeBegin
    Transform [ -0.9207649827 -0.2550129890 -0.2952280045 0.0000000000 -0.0010961400 0.7584559917 -0.6517239809 0.0000000000 -0.3901160061 0.5997610092 0.6986389756 0.0000000000 11.0685997009 -8.6822700500 4.3151998520 1.0000000000  ]
    ObjectInstance "Hoja_A01"
AttributeEnd

AttributeBegin
    Transform [ 0.4366270006 0.8790670037 0.1913080066 0.0000000000 0.8076729774 -0.2893610001 -0.5137450099 0.0000000000 0.3962599933 -0.3788290024 0.8363410234 0.0000000000 11.1345996857 -8.7635698318 4.3095102310 1.0000000000  ]
    ObjectInstance "Hoja_A01"
AttributeEnd

AttributeBegin
    Transform [ -0.6133400202 -0.7844780087 -0.0916908011 0.0000000000 -0.6876839995 0.5875139832 -0.4265170097 0.0000000000 -0.3884629905 0.1985460073 0.8998200297 0.0000000000 10.9577999115 -8.7209100723 4.3291602135 1.0000000000  ]
    ObjectInstance "Hoja_A01"
AttributeEnd

AttributeBegin
    Transform [ 0.1964260042 0.9802960157 -0.0209100991 0.0000000000 0.6611930132 -0.1481730044 -0.7354369760 0.0000000000 0.7240440249 -0.1306329966 0.6772699952 0.0000000000 11.1283998489 -8.8227596283 4.3496398926 1.0000000000  ]
    ObjectInstance "Hoja_A01"
AttributeEnd

AttributeBegin
    Transform [ 0.7145739794 0.6987209916 -0.0342487991 0.0000000000 0.6477590203 -0.6793550253 -0.3447979987 0.0000000000 0.2641850114 -0.2241979986 0.9380519986 0.0000000000 10.9069995880 -8.7404499054 4.4011301994 1.0000000000  ]
    ObjectInstance "Hoja_A01"
AttributeEnd

AttributeBegin
    Transform [ -0.5122879744 0.6376730204 0.5752679706 0.0000000000 0.4617039859 0.7692999840 -0.4415970147 0.0000000000 0.7241479754 -0.0393786989 0.6885190010 0.0000000000 10.8973999023 -8.5593900681 4.3557600975 1.0000000000  ]
    ObjectInstance "Hoja_A01"
AttributeEnd

AttributeBegin
    Transform [ -0.6841109991 -0.1714230031 0.7089470029 0.0000000000 -0.4717409909 0.8453119993 -0.2508180141 0.0000000000 0.5562850237 0.5060260296 0.6591539979 0.0000000000 10.8353996277 -8.5485000610 4.3835902214 1.0000000000  ]
    ObjectInstance "Hoja_A01"
AttributeEnd

AttributeBegin
    Transform [ -0.6480839849 -0.6918889880 0.3182399869 0.0000000000 -0.6131119728 0.2261340022 -0.7569389939 0.0000000000 -0.4517529905 0.6856769919 0.5707600117 0.0000000000 10.7218999863 -8.6426000595 4.4226999283 1.0000000000  ]
    ObjectInstance "Hoja_A01"
AttributeEnd

AttributeBegin
    Transform [ -0.6541519761 -0.7561699748 0.0170917008 0.0000000000 -0.3045249879 0.2426210046 -0.9210860133 0.0000000000 -0.6923509836 0.6077349782 0.3889839947 0.0000000000 10.7406997681 -8.5387296677 4.4042401314 1.0000000000  ]
    ObjectInstance "Hoja_A01"
AttributeEnd

AttributeBegin
    Transform [ -0.4507560134 0.8761630058 0.1707579941 0.0000000000 0.8202279806 0.4820140004 -0.3080390096 0.0000000000 0.3522000015 -0.0012100301 0.9359239936 0.0000000000 10.8738002777 -8.5220203400 4.4725098610 1.0000000000  ]
    ObjectInstance "Hoja_A01"
AttributeEnd

AttributeBegin
    Transform [ -0.9377700090 -0.0105756000 0.3470970094 0.0000000000 -0.2834799886 0.6006199718 -0.7475929856 0.0000000000 0.2005670071 0.7994650006 0.5662410259 0.0000000000 10.7333002090 -8.4653596878 4.5610599518 1.0000000000  ]
    ObjectInstance "Hoja_A01"
AttributeEnd

AttributeBegin
    Transform [ -0.8627799749 0.4043149948 0.3035440147 0.0000000000 0.0257801991 0.6347910166 -0.7722529769 0.0000000000 0.5049210191 0.6584600210 0.5581089854 0.0000000000 10.7479000092 -8.3426303864 4.6012501717 1.0000000000  ]
    ObjectInstance "Hoja_A01"
AttributeEnd

AttributeBegin
    Transform [ -0.9789360166 -0.1938430071 -0.0640963018 0.0000000000 -0.0476731993 0.5222939849 -0.8514320254 0.0000000000 -0.1985210031 0.8304420114 0.5205330253 0.0000000000 10.7348003387 -8.3278598785 4.5646600723 1.0000000000  ]
    ObjectInstance "Hoja_A01"
AttributeEnd

AttributeBegin
    Transform [ 0.6290569901 0.4491299987 0.6344839931 0.0000000000 0.7319380045 -0.6171230078 -0.2888360023 0.0000000000 -0.2618300021 -0.6460970044 0.7169409990 0.0000000000 10.9518995285 -8.9416704178 4.6345300674 1.0000000000  ]
    ObjectInstance "Hoja_A01"
AttributeEnd

AttributeBegin
    Transform [ -0.8849040270 0.3904759884 -0.2539150119 0.0000000000 0.4272289872 0.4633179903 -0.7764089704 0.0000000000 0.1855259985 0.7955279946 0.5768150091 0.0000000000 11.0090999603 -8.6208801270 4.5889301300 1.0000000000  ]
    ObjectInstance "Hoja_A01"
AttributeEnd

AttributeBegin
    Transform [ -0.8942180276 -0.2330359966 0.3821890056 0.0000000000 -0.4358739853 0.2589029968 -0.8619639874 0.0000000000 -0.1019190028 0.9373710155 0.3330900073 0.0000000000 10.8770999908 -8.5985097885 4.6434302330 1.0000000000  ]
    ObjectInstance "Hoja_A01"
AttributeEnd

AttributeBegin
    Transform [ 0.9915030003 0.0232712999 -0.1279850006 0.0000000000 0.0000000000 -0.9838680029 -0.1788939983 0.0000000000 0.1300839931 -0.1773740053 0.9755079746 0.0000000000 10.9926004410 -8.6227502823 4.6697602272 1.0000000000  ]
    ObjectInstance "Hoja_A01"
AttributeEnd

AttributeBegin
    Transform [ 0.6308969855 -0.7223359942 -0.2831949890 0.0000000000 -0.7470520139 -0.4670040011 -0.4730969965 0.0000000000 -0.2094819993 -0.5100370049 0.8342540264 0.0000000000 10.9329996109 -8.7002496719 4.6846499443 1.0000000000  ]
    ObjectInstance "Hoja_A01"
AttributeEnd

AttributeBegin
    Transform [ -0.5044140220 0.7709050179 0.3889369965 0.0000000000 0.5248069763 0.6314070225 -0.5708789825 0.0000000000 0.6856709719 0.0838422999 0.7230669856 0.0000000000 11.0364999771 -8.5330200195 4.6576600075 1.0000000000  ]
    ObjectInstance "Hoja_A01"
AttributeEnd

AttributeBegin
    Transform [ -0.2443709970 -0.6433640122 0.7255100012 0.0000000000 -0.9651920199 0.0894704983 -0.2457610071 0.0000000000 -0.0932023004 0.7603139877 0.6428340077 0.0000000000 10.8997001648 -8.6177597046 4.7276101112 1.0000000000  ]
    ObjectInstance "Hoja_A01"
AttributeEnd

AttributeBegin
    Transform [ -0.8431019783 0.1434019953 0.5182809830 0.0000000000 -0.0109251998 0.9590219855 -0.2831220031 0.0000000000 0.5376430154 0.2443629950 0.8069859743 0.0000000000 11.0733003616 -8.4614000320 4.7966499329 1.0000000000  ]
    ObjectInstance "Hoja_A01"
AttributeEnd

AttributeBegin
    Transform [ 0.9949939847 -0.0188976005 0.0981362015 0.0000000000 -0.0000001881 -0.9819599986 -0.1890890002 0.0000000000 -0.0999391004 -0.1881430000 0.9770439863 0.0000000000 11.0851001740 -8.5837898254 4.8207402229 1.0000000000  ]
    ObjectInstance "Hoja_A01"
AttributeEnd

AttributeBegin
    Transform [ -0.7782149911 0.5547540188 0.2943280041 0.0000000000 -0.0062946500 0.4617629945 -0.8869810104 0.0000000000 0.6279659867 0.6921150088 0.3558590114 0.0000000000 11.0909004211 -8.4363203049 4.7551798820 1.0000000000  ]
    ObjectInstance "Hoja_A01"
AttributeEnd

AttributeBegin
    Transform [ 0.9480230212 -0.1232889965 0.2933459878 0.0000000000 -0.0000001267 -0.9218879938 -0.3874559999 0.0000000000 -0.3182010055 -0.3673180044 0.8739709854 0.0000000000 11.1515998840 -8.4675903320 4.7859301567 1.0000000000  ]
    ObjectInstance "Hoja_A01"
AttributeEnd

AttributeBegin
    Transform [ -0.8407679796 -0.5144730210 -0.1686040014 0.0000000000 -0.2009039968 0.5856699944 -0.7852560282 0.0000000000 -0.5027400255 0.6263449788 0.5957729816 0.0000000000 10.8599004745 -8.6630296707 4.6661901474 1.0000000000  ]
    ObjectInstance "Hoja_A01"
AttributeEnd

AttributeBegin
    Transform [ 0.8530110121 -0.3515619934 -0.3857159913 0.0000000000 -0.5114560127 -0.7101889849 -0.4837819934 0.0000000000 0.1038509980 -0.6099479795 0.7856069803 0.0000000000 10.8424997330 -8.7749300003 4.6773200035 1.0000000000  ]
    ObjectInstance "Hoja_A01"
AttributeEnd

AttributeBegin
    Transform [ -0.3884919882 -0.8706700206 -0.3016740084 0.0000000000 -0.8098400235 0.4788010120 -0.3389810026 0.0000000000 -0.4395819902 -0.1126170009 0.8911139965 0.0000000000 9.9652004242 -8.7481298447 2.7972800732 1.0000000000  ]
    ObjectInstance "Hoja_A01"
AttributeEnd

AttributeBegin
    Transform [ -0.1159029976 0.9271280169 -0.3563700020 0.0000000000 0.9101020098 -0.0445825011 -0.4119789898 0.0000000000 0.3978450000 0.3720830083 0.8386139870 0.0000000000 9.9620895386 -8.7188901901 2.8550999165 1.0000000000  ]
    ObjectInstance "Hoja_A01"
AttributeEnd

AttributeBegin
    Transform [ 0.0861068964 -0.9844459891 -0.1531379968 0.0000000000 -0.7758640051 0.0301664993 -0.6301789880 0.0000000000 -0.6249960065 -0.1730770022 0.7611989975 0.0000000000 9.7839298248 -8.6946802139 2.8238799572 1.0000000000  ]
    ObjectInstance "Hoja_A01"
AttributeEnd

AttributeBegin
    Transform [ -0.4213519990 0.8753759861 0.2370219976 0.0000000000 0.3657540083 0.4031830132 -0.8388490081 0.0000000000 0.8298709989 0.2667590082 0.4900540113 0.0000000000 10.0218000412 -8.5162801743 2.3857300282 1.0000000000  ]
    ObjectInstance "Hoja_A01"
AttributeEnd

AttributeBegin
    Transform [ -0.8612400293 -0.5062789917 0.0441254005 0.0000000000 -0.5039449930 0.8395969868 -0.2027699947 0.0000000000 -0.0656108037 0.1968709975 0.9782320261 0.0000000000 9.8544101715 -8.4252500534 2.3208498955 1.0000000000  ]
    ObjectInstance "Hoja_A01"
AttributeEnd

AttributeBegin
    Transform [ -0.6108580232 -0.6624690294 -0.4335739911 0.0000000000 -0.6639140248 0.7269579768 -0.1753560007 0.0000000000 -0.4313580096 -0.1807380021 0.8838909864 0.0000000000 11.2821998596 -3.9345200062 9.2661104202 1.0000000000  ]
    ObjectInstance "Hoja_A01"
AttributeEnd

AttributeBegin
    Transform [ 0.6553300023 -0.0982178971 0.7489299774 0.0000000000 0.0000000000 -0.9915099740 -0.1300310045 0.0000000000 -0.7553420067 -0.0852131024 0.6497669816 0.0000000000 11.3254995346 -3.9304699898 9.2269296646 1.0000000000  ]
    ObjectInstance "Hoja_A01"
AttributeEnd

AttributeBegin
    Transform [ 0.8297169805 0.5468770266 -0.1117860004 0.0000000000 0.5312190056 -0.8351299763 -0.1427029967 0.0000000000 0.1713970006 -0.0590201989 0.9834330082 0.0000000000 11.4296998978 -4.0717501640 9.2625303268 1.0000000000  ]
    ObjectInstance "Hoja_A01"
AttributeEnd

AttributeBegin
    Transform [ 0.8474839926 -0.3943780065 0.3552980125 0.0000000000 0.0000000000 -0.6693379879 -0.7429580092 0.0000000000 -0.5308210254 -0.6296449900 0.5672529936 0.0000000000 9.7525501251 -8.6312599182 2.6358699799 1.0000000000  ]
    ObjectInstance "Hoja_A01"
AttributeEnd

AttributeBegin
    Transform [ 0.8827959895 -0.4301120043 -0.1888760030 0.0000000000 -0.3601630032 -0.3615910113 -0.8599619865 0.0000000000 -0.3015840054 -0.8271970153 0.4741219878 0.0000000000 9.4933204651 -8.6905002594 2.6090900898 1.0000000000  ]
    ObjectInstance "Hoja_A01"
AttributeEnd

AttributeBegin
    Transform [ 0.5694620013 -0.7955610156 0.2068720013 0.0000000000 -0.4945400059 -0.5325970054 -0.6868559718 0.0000000000 -0.6566150188 -0.2888320088 0.6967300177 0.0000000000 9.2950601578 -8.6497697830 2.6196100712 1.0000000000  ]
    ObjectInstance "Hoja_A01"
AttributeEnd

AttributeBegin
    Transform [ -0.7881159782 -0.5298960209 0.3131830096 0.0000000000 -0.5312219858 0.3285300136 -0.7809429765 0.0000000000 -0.3109290004 0.7818430066 0.5404120088 0.0000000000 11.3402004242 -3.9855399132 9.2489404678 1.0000000000  ]
    ObjectInstance "Hoja_A01"
AttributeEnd

AttributeBegin
    Transform [ -0.6907550097 0.6313530207 -0.3524929881 0.0000000000 0.7145829797 0.6705769897 -0.1992399991 0.0000000000 -0.1105829999 0.3895120025 0.9143589735 0.0000000000 9.8644599915 -8.2849903107 2.6359899044 1.0000000000  ]
    ObjectInstance "Hoja_A01"
AttributeEnd

AttributeBegin
    Transform [ 0.4536420107 0.7181509733 0.5277019739 0.0000000000 0.8884779811 -0.4105679989 -0.2050420046 0.0000000000 -0.0694063976 -0.5618659854 0.8243110180 0.0000000000 11.4933996201 -4.1111497879 9.3704795837 1.0000000000  ]
    ObjectInstance "Hoja_A01"
AttributeEnd

AttributeBegin
    Transform [ 0.5059229732 -0.7636529803 -0.4010930061 0.0000000000 -0.7809889913 -0.2081290036 -0.5888450146 0.0000000000 -0.3661940098 -0.6111599803 0.7017019987 0.0000000000 11.3425998688 -4.1305298805 9.2990102768 1.0000000000  ]
    ObjectInstance "Hoja_A01"
AttributeEnd

AttributeBegin
    Transform [ -0.9057139754 0.2695980072 0.3271059990 0.0000000000 -0.0220442992 0.7406780124 -0.6714980006 0.0000000000 0.4233149886 0.6153960228 0.6649000049 0.0000000000 11.3639001846 -3.9870100021 9.2490396500 1.0000000000  ]
    ObjectInstance "Hoja_A01"
AttributeEnd

AttributeBegin
    Transform [ -0.8552889824 0.1885949969 0.4826099873 0.0000000000 -0.0092664203 0.9256920218 -0.3781650066 0.0000000000 0.5180680156 0.3279120028 0.7899870276 0.0000000000 9.7310199738 -8.2054700851 2.6249101162 1.0000000000  ]
    ObjectInstance "Hoja_A01"
AttributeEnd

AttributeBegin
    Transform [ 0.4021790028 -0.8724259734 -0.2777130008 0.0000000000 -0.8850439787 -0.2927959859 -0.3618960083 0.0000000000 -0.2344139963 -0.3913350105 0.8898910284 0.0000000000 11.3088998795 -4.0744400024 9.2297000885 1.0000000000  ]
    ObjectInstance "Hoja_A01"
AttributeEnd

AttributeBegin
    Transform [ 0.9807299972 0.1027939990 -0.1661400050 0.0000000000 0.0000000000 -0.8503900170 -0.5261539817 0.0000000000 0.1953690052 -0.5160149932 0.8340020180 0.0000000000 9.3442001343 -8.3664798737 2.5243299007 1.0000000000  ]
    ObjectInstance "Hoja_A01"
AttributeEnd

AttributeBegin
    Transform [ -0.6550289989 -0.6864259839 -0.3158409894 0.0000000000 -0.6046350002 0.7268549800 -0.3257290125 0.0000000000 -0.4531599879 0.0223939009 0.8911479712 0.0000000000 9.3999996185 -8.2507095337 2.4625198841 1.0000000000  ]
    ObjectInstance "Hoja_A01"
AttributeEnd

AttributeBegin
    Transform [ -0.9075210094 -0.2059440017 0.3660500050 0.0000000000 -0.4128690064 0.5974149704 -0.6874840260 0.0000000000 0.0771009028 0.7750369906 0.6271950006 0.0000000000 11.3256998062 -4.0142498016 9.0910100937 1.0000000000  ]
    ObjectInstance "Hoja_A01"
AttributeEnd

AttributeBegin
    Transform [ 0.8417869806 -0.2365639955 -0.4852139950 0.0000000000 -0.3633210063 -0.9130820036 -0.1851480007 0.0000000000 0.3992410004 -0.3321430087 0.8545690179 0.0000000000 11.4660997391 -4.2557802200 9.1341896057 1.0000000000  ]
    ObjectInstance "Hoja_A01"
AttributeEnd

AttributeBegin
    Transform [ 0.8682379723 -0.0147134997 0.4959299862 0.0000000000 -0.0000001453 -0.9995599985 -0.0296553001 0.0000000000 -0.4961479902 -0.0257478002 0.8678560257 0.0000000000 9.3317203522 -8.3553895950 2.4795498848 1.0000000000  ]
    ObjectInstance "Hoja_A01"
AttributeEnd

AttributeBegin
    Transform [ 0.9786679745 -0.0563291982 0.1975730062 0.0000000000 -0.0000002123 -0.9616789818 -0.2741790116 0.0000000000 -0.2054460049 -0.2683300078 0.9411649704 0.0000000000 9.2500095367 -8.2725496292 2.4051699638 1.0000000000  ]
    ObjectInstance "Hoja_A01"
AttributeEnd

AttributeBegin
    Transform [ -0.0048608300 0.9244689941 -0.3812260032 0.0000000000 0.8572760224 -0.1924200058 -0.4775480032 0.0000000000 0.5148339868 0.3291369975 0.7915899754 0.0000000000 11.5502996445 -4.2029199600 9.0916795731 1.0000000000  ]
    ObjectInstance "Hoja_A01"
AttributeEnd

AttributeBegin
    Transform [ -0.8645480275 -0.2944079936 0.4072850049 0.0000000000 -0.5010840297 0.4431290030 -0.7433379889 0.0000000000 -0.0383642986 0.8467350006 0.5306289792 0.0000000000 9.3120603561 -8.2949895859 2.7096199989 1.0000000000  ]
    ObjectInstance "Hoja_A01"
AttributeEnd

AttributeBegin
    Transform [ 0.8073279858 -0.1199060008 0.5777930021 0.0000000000 -0.0000001788 -0.9791380167 -0.2031940073 0.0000000000 -0.5901029706 -0.1640439928 0.7904859781 0.0000000000 11.3039999008 -4.1699500084 9.1936903000 1.0000000000  ]
    ObjectInstance "Hoja_A01"
AttributeEnd

AttributeBegin
    Transform [ -0.3628590107 -0.8995249867 0.2432879955 0.0000000000 -0.6786500216 0.0761867985 -0.7304999828 0.0000000000 -0.6385679841 0.4301759899 0.6381070018 0.0000000000 9.1455898285 -8.3002500534 2.8318099976 1.0000000000  ]
    ObjectInstance "Hoja_A01"
AttributeEnd

AttributeBegin
    Transform [ 0.1800429970 0.9827589989 -0.0420650989 0.0000000000 0.5791670084 -0.1404760033 -0.8030149937 0.0000000000 0.7950789928 -0.1202140003 0.5944730043 0.0000000000 11.3361997604 -4.1446099281 9.2075796127 1.0000000000  ]
    ObjectInstance "Hoja_A01"
AttributeEnd

AttributeBegin
    Transform [ 0.4291149974 -0.8250340223 0.3676669896 0.0000000000 -0.5962809920 -0.5644980073 -0.5707799792 0.0000000000 -0.6784610152 -0.0256974008 0.7341870070 0.0000000000 11.2417001724 -4.2594499588 9.1575403214 1.0000000000  ]
    ObjectInstance "Hoja_A01"
AttributeEnd

AttributeBegin
    Transform [ -0.3556289971 -0.8636140227 0.3573490083 0.0000000000 -0.8223289847 0.1074139997 -0.5587810278 0.0000000000 -0.4441869855 0.4925779998 0.7483749986 0.0000000000 11.2340002060 -4.2068099976 9.1266298294 1.0000000000  ]
    ObjectInstance "Hoja_A01"
AttributeEnd

AttributeBegin
    Transform [ -0.6317390203 -0.7649040222 0.1258070022 0.0000000000 -0.7364130020 0.5415059924 -0.4055449963 0.0000000000 -0.2420780063 0.3488439918 0.9053769708 0.0000000000 9.2481698990 -8.0626201630 2.5392398834 1.0000000000  ]
    ObjectInstance "Hoja_A01"
AttributeEnd

AttributeBegin
    Transform [ 0.4656270146 0.7874559760 0.4038609862 0.0000000000 0.8847420216 -0.4248009920 -0.1917700022 0.0000000000 -0.0205495991 -0.4466060102 0.8944950104 0.0000000000 11.6719999313 -4.4406499863 9.1706495285 1.0000000000  ]
    ObjectInstance "Hoja_A01"
AttributeEnd

AttributeBegin
    Transform [ -0.7110059857 -0.1302080005 0.6910259724 0.0000000000 -0.5056650043 0.7775589824 -0.3737719953 0.0000000000 0.4886449873 0.6151810288 0.6186900139 0.0000000000 9.2746801376 -7.9203200340 2.4988799095 1.0000000000  ]
    ObjectInstance "Hoja_A01"
AttributeEnd

AttributeBegin
    Transform [ 0.1618179977 0.9062820077 0.3904710114 0.0000000000 0.5463290215 0.2472389936 -0.8002480268 0.0000000000 0.8217899799 -0.3428199887 0.4551210105 0.0000000000 9.3701696396 -7.9411001205 2.5043098927 1.0000000000  ]
    ObjectInstance "Hoja_A01"
AttributeEnd

AttributeBegin
    Transform [ -0.9244220257 -0.3348119855 0.1826049984 0.0000000000 -0.3551000059 0.5810269713 -0.7323340178 0.0000000000 -0.1390960068 0.7418289781 0.6560050249 0.0000000000 9.2621297836 -7.9244899750 2.4679300785 1.0000000000  ]
    ObjectInstance "Hoja_A01"
AttributeEnd

AttributeBegin
    Transform [ -0.4212140143 0.7840769887 0.4558529854 0.0000000000 0.5756480098 0.6195229888 -0.5336859822 0.0000000000 0.7008619905 -0.0376146995 0.7123039961 0.0000000000 9.3406000137 -7.9238901138 2.4716100693 1.0000000000  ]
    ObjectInstance "Hoja_A01"
AttributeEnd

AttributeBegin
    Transform [ -0.4678950012 0.8524640203 -0.2331960052 0.0000000000 0.6698420048 0.1699340045 -0.7227960229 0.0000000000 0.5765299797 0.4943970144 0.6505270004 0.0000000000 11.6880998611 -4.3860101700 9.1476802826 1.0000000000  ]
    ObjectInstance "Hoja_A01"
AttributeEnd

AttributeBegin
    Transform [ -0.3179349899 -0.8021820188 0.5053920150 0.0000000000 -0.8056640029 -0.0524283014 -0.5900490284 0.0000000000 -0.4998230040 0.5947729945 0.6296200156 0.0000000000 8.9169101715 -8.1080598831 2.6534900665 1.0000000000  ]
    ObjectInstance "Hoja_A01"
AttributeEnd

AttributeBegin
    Transform [ -0.3837069869 -0.9065499902 -0.1758850068 0.0000000000 -0.4709419906 0.3559350073 -0.8071699739 0.0000000000 -0.7943440080 0.2268860042 0.5635070205 0.0000000000 11.4899997711 -4.4284801483 9.1069002151 1.0000000000  ]
    ObjectInstance "Hoja_A01"
AttributeEnd

AttributeBegin
    Transform [ -0.6606870294 0.4408070147 0.6076040268 0.0000000000 0.0026332701 0.8107799888 -0.5853449702 0.0000000000 0.7506570220 0.3851299882 0.5368329883 0.0000000000 9.1195297241 -8.1151304245 2.4713399410 1.0000000000  ]
    ObjectInstance "Hoja_A01"
AttributeEnd

AttributeBegin
    Transform [ 0.8752509952 -0.0658435002 0.4791660011 0.0000000000 -0.0000001863 -0.9906910062 -0.1361330003 0.0000000000 -0.4836690128 -0.1191510037 0.8671029806 0.0000000000 11.5326004028 -4.6175799370 9.1113300323 1.0000000000  ]
    ObjectInstance "Hoja_A01"
AttributeEnd

AttributeBegin
    Transform [ -0.7374590039 0.6745010018 -0.0346710011 0.0000000000 0.4603390098 0.4644170105 -0.7565739751 0.0000000000 0.4942080081 0.5739030242 0.6529880166 0.0000000000 11.5649003983 -4.4884500504 9.0342102051 1.0000000000  ]
    ObjectInstance "Hoja_A01"
AttributeEnd

AttributeBegin
    Transform [ 0.7949990034 -0.6059809923 -0.0276106000 0.0000000000 -0.4331670105 -0.5352389812 -0.7251790166 0.0000000000 -0.4246670008 -0.5884770155 0.6880059838 0.0000000000 11.2245998383 -4.7180199623 8.9368200302 1.0000000000  ]
    ObjectInstance "Hoja_A01"
AttributeEnd

AttributeBegin
    Transform [ -0.4994600117 -0.8455719948 0.1885399967 0.0000000000 -0.4588229954 0.0735787004 -0.8854759932 0.0000000000 -0.7348620296 0.5287659764 0.4247170091 0.0000000000 11.2704000473 -4.6897201538 8.9216098785 1.0000000000  ]
    ObjectInstance "Hoja_A01"
AttributeEnd

AttributeBegin
    Transform [ 0.9350000024 -0.3515860140 0.0464961007 0.0000000000 -0.0134750996 -0.1662299931 -0.9859949946 0.0000000000 -0.3543910086 -0.9212790132 0.1601630002 0.0000000000 10.2025995255 -9.5906000137 3.2242701054 1.0000000000  ]
    ObjectInstance "Hoja_A01"
AttributeEnd

AttributeBegin
    Transform [ 0.6941670179 0.7086679935 -0.1261820048 0.0000000000 0.5198559761 -0.6148200035 -0.5930820107 0.0000000000 0.4978770018 -0.3461009860 0.7951930165 0.0000000000 10.2503004074 -9.5908803940 3.2590200901 1.0000000000  ]
    ObjectInstance "Hoja_A01"
AttributeEnd

AttributeBegin
    Transform [ 0.3394469917 -0.8874760270 0.3117089868 0.0000000000 -0.2801490128 -0.4117319882 -0.8671749830 0.0000000000 -0.8979380131 -0.2070350051 0.3883869946 0.0000000000 10.0956001282 -9.6868295670 3.2901000977 1.0000000000  ]
    ObjectInstance "Hoja_A01"
AttributeEnd

AttributeBegin
    Transform [ 0.9259110093 -0.1909369975 0.3259319961 0.0000000000 -0.0000002682 -0.8628450036 -0.5054690242 0.0000000000 -0.3777419925 -0.4680199921 0.7989169955 0.0000000000 10.4057998657 -9.1781501770 3.6350600719 1.0000000000  ]
    ObjectInstance "Hoja_A01"
AttributeEnd

AttributeBegin
    Transform [ -0.5459740162 0.7969599962 -0.2583940029 0.0000000000 0.8213760257 0.4484019876 -0.3525300026 0.0000000000 0.1650879979 0.4047110081 0.8994190097 0.0000000000 10.3732004166 -9.2093000412 3.6747798920 1.0000000000  ]
    ObjectInstance "Hoja_A01"
AttributeEnd

AttributeBegin
    Transform [ -0.3505089879 -0.6635900140 0.6609020233 0.0000000000 -0.9227489829 0.1239489987 -0.3649269938 0.0000000000 -0.1602430046 0.7377570271 0.6557719707 0.0000000000 10.2545003891 -9.2317104340 3.6903400421 1.0000000000  ]
    ObjectInstance "Hoja_A01"
AttributeEnd

AttributeBegin
    Transform [ 0.0479586013 0.9939489961 0.0988186970 0.0000000000 0.7303699851 0.0325911008 -0.6822739840 0.0000000000 0.6813660264 -0.1048950031 0.7243880033 0.0000000000 10.4907999039 -9.2150697708 3.9767699242 1.0000000000  ]
    ObjectInstance "Hoja_A01"
AttributeEnd

AttributeBegin
    Transform [ 0.1538020074 -0.9256100059 0.3458189964 0.0000000000 -0.9788339734 -0.1905470043 -0.0746790990 0.0000000000 -0.1350180060 0.3270129859 0.9353250265 0.0000000000 9.9637603760 -9.3233003616 3.5212900639 1.0000000000  ]
    ObjectInstance "Hoja_A01"
AttributeEnd

AttributeBegin
    Transform [ 0.2694729865 0.9213430285 0.2801989913 0.0000000000 0.7926440239 -0.0469642989 -0.6078730226 0.0000000000 0.5468999743 -0.3859040141 0.7429530025 0.0000000000 9.9862604141 -9.3179101944 3.6777598858 1.0000000000  ]
    ObjectInstance "Hoja_A01"
AttributeEnd

AttributeBegin
