
#############################################


AttributeBegin
    NamedMaterial "Leave A_b"
    Shape "plymesh" "string filename" "geometry/hojas_a2_00001.ply" 
            "texture alpha" "Leave A_b_Alpha" 
AttributeEnd

AttributeBegin
    ObjectBegin "Hoja_B01"

    AttributeBegin
        Transform [ 1.0000000000 0.0000000000 0.0000000000 0.0000000000 0.0000000000 1.0000000000 0.0000000000 0.0000000000 0.0000000000 0.0000000000 1.0000000000 0.0000000000 0.0000000000 0.0000000000 0.0000000000 1.0000000000  ]
        NamedMaterial "Leave A_b"
        Shape "plymesh" "string filename" "geometry/hojas_a2_00002.ply" 
                "texture alpha" "Leave A_b_Alpha" 
    AttributeEnd
AttributeEnd
ObjectEnd

AttributeBegin
    Transform [ 0.9851379991 0.1717659980 0.0000000000 0.0000000000 -0.1505520046 0.8634690046 0.4814099967 0.0000000000 0.0826897025 -0.4742549956 0.8764960170 0.0000000000 13.7040004730 -9.5446796417 12.9722003937 1.0000000000  ]
    ObjectInstance "Hoja_B01"
AttributeEnd

AttributeBegin
    Transform [ 0.8250550032 -0.5644429922 -0.0262410995 0.0000000000 -0.4920350015 -0.6948300004 -0.5245130062 0.0000000000 -0.2778240144 -0.4456630051 0.8509979844 0.0000000000 13.7039003372 -9.5447101593 12.9722003937 1.0000000000  ]
    ObjectInstance "Hoja_B01"
AttributeEnd

AttributeBegin
    Transform [ -0.6931229830 0.7197930217 0.0384602994 0.0000000000 0.5189539790 0.5353329778 -0.6664119959 0.0000000000 0.5002679825 0.4419459999 0.7445909977 0.0000000000 11.6563997269 -5.7378201485 9.0328903198 1.0000000000  ]
    ObjectInstance "Hoja_B01"
AttributeEnd

AttributeBegin
    Transform [ 0.9994630218 -0.0327651985 0.0000000000 0.0000000000 -0.0311832000 -0.9512069821 -0.3069739938 0.0000000000 -0.0100579998 -0.3068090081 0.9517179728 0.0000000000 11.6426000595 -5.6796798706 9.1149301529 1.0000000000  ]
    ObjectInstance "Hoja_B01"
AttributeEnd

AttributeBegin
    Transform [ -0.4451819956 0.8949779868 0.0287651997 0.0000000000 0.6628649831 0.3509809971 -0.6613789797 0.0000000000 0.6020159721 0.2753660083 0.7494999766 0.0000000000 11.7961997986 -5.7040300369 9.0968399048 1.0000000000  ]
    ObjectInstance "Hoja_B01"
AttributeEnd

AttributeBegin
    Transform [ 0.8556900024 -0.5174409747 0.0070102401 0.0000000000 -0.4130960107 -0.6911680102 -0.5929920077 0.0000000000 -0.3116829991 -0.5045210123 0.8051789999 0.0000000000 11.3720998764 -5.6573100090 9.2040700912 1.0000000000  ]
    ObjectInstance "Hoja_B01"
AttributeEnd

AttributeBegin
    Transform [ -0.8748970032 -0.4825139940 -0.0416578017 0.0000000000 -0.4389359951 0.8263429999 -0.3528360128 0.0000000000 -0.2046719939 0.2904100120 0.9347569942 0.0000000000 11.3737001419 -5.4829101562 9.1552696228 1.0000000000  ]
    ObjectInstance "Hoja_B01"
AttributeEnd

AttributeBegin
    Transform [ -0.4320060015 -0.9015939832 0.0223239008 0.0000000000 -0.8784279823 0.4150409997 -0.2368640006 0.0000000000 -0.2042900026 0.1219369993 0.9712859988 0.0000000000 11.3924999237 -5.4371700287 9.2067804337 1.0000000000  ]
    ObjectInstance "Hoja_B01"
AttributeEnd

AttributeBegin
    Transform [ -0.9291989803 -0.3695639968 0.0033143000 0.0000000000 -0.3618899882 0.9080129862 -0.2110629976 0.0000000000 -0.0749917030 0.1973190010 0.9774670005 0.0000000000 11.3477001190 -5.4313201904 9.2638397217 1.0000000000  ]
    ObjectInstance "Hoja_B01"
AttributeEnd

AttributeBegin
    Transform [ 0.2922900021 0.9560930133 -0.0213140007 0.0000000000 0.9033820033 -0.2833519876 -0.3218869865 0.0000000000 0.3137930036 -0.0748298019 0.9465379715 0.0000000000 11.4980001450 -5.4581298828 9.2957801819 1.0000000000  ]
    ObjectInstance "Hoja_B01"
AttributeEnd

AttributeBegin
    Transform [ -0.9975960255 0.0415965989 0.0554348007 0.0000000000 0.0032937699 0.8274090290 -0.5615890026 0.0000000000 0.0692275017 0.5600559711 0.8255569935 0.0000000000 11.3896999359 -5.3583698273 9.2168397903 1.0000000000  ]
    ObjectInstance "Hoja_B01"
AttributeEnd

AttributeBegin
    Transform [ 0.1735890061 -0.9847930074 0.0070231701 0.0000000000 -0.8826950192 -0.1587470025 -0.4423229992 0.0000000000 -0.4367119968 -0.0705832019 0.8968279958 0.0000000000 11.4689998627 -5.7569499016 9.3594503403 1.0000000000  ]
    ObjectInstance "Hoja_B01"
AttributeEnd

AttributeBegin
    Transform [ -0.1108279973 -0.9938229918 0.0056785601 0.0000000000 -0.9259549975 0.1011810005 -0.3638260067 0.0000000000 -0.3610039949 0.0455803014 0.9314500093 0.0000000000 11.4717998505 -5.7084798813 9.4503898621 1.0000000000  ]
    ObjectInstance "Hoja_B01"
AttributeEnd

AttributeBegin
    Transform [ 0.3290959895 0.9439169765 0.0267657991 0.0000000000 0.8846840262 -0.2982850075 -0.3582740128 0.0000000000 0.3301970065 -0.1415860057 0.9332330227 0.0000000000 11.6192998886 -5.8223500252 9.4594001770 1.0000000000  ]
    ObjectInstance "Hoja_B01"
AttributeEnd

AttributeBegin
    Transform [ -0.9797430038 0.2001740038 0.0058265598 0.0000000000 0.1961989999 0.9653040171 -0.1723220050 0.0000000000 0.0401187986 0.1676879972 0.9850239754 0.0000000000 11.7620000839 -5.4119601250 9.5005197525 1.0000000000  ]
    ObjectInstance "Hoja_B01"
AttributeEnd

AttributeBegin
    Transform [ 0.9714869857 -0.2370920032 0.0000000000 0.0000000000 -0.2343740016 -0.9603520036 -0.1509689987 0.0000000000 -0.0357935987 -0.1466650069 0.9885380268 0.0000000000 11.6978998184 -5.3638401031 9.6473398209 1.0000000000  ]
    ObjectInstance "Hoja_B01"
AttributeEnd

AttributeBegin
    Transform [ 0.9974859953 0.0708682984 0.0000000000 0.0000000000 0.0706209987 -0.9940059781 -0.0834596008 0.0000000000 0.0059146401 -0.0832497999 0.9965109825 0.0000000000 11.7460002899 -5.3045001030 9.6413202286 1.0000000000  ]
    ObjectInstance "Hoja_B01"
AttributeEnd

AttributeBegin
    Transform [ -0.4684219956 0.8833680153 -0.0156039000 0.0000000000 0.8816030025 0.4661819935 -0.0738262981 0.0000000000 0.0579415001 0.0483382009 0.9971489906 0.0000000000 11.5851001740 -5.4877800941 9.7147302628 1.0000000000  ]
    ObjectInstance "Hoja_B01"
AttributeEnd

AttributeBegin
    Transform [ 0.9750000238 0.2222059965 0.0000000000 0.0000000000 0.2214519978 -0.9716889858 -0.0823391005 0.0000000000 0.0182962995 -0.0802806020 0.9966040254 0.0000000000 11.4617004395 -5.4918899536 9.7169704437 1.0000000000  ]
    ObjectInstance "Hoja_B01"
AttributeEnd

AttributeBegin
    Transform [ 0.9990770221 -0.0429527983 0.0000000000 0.0000000000 -0.0370545983 -0.8618850112 -0.5057479739 0.0000000000 -0.0217233002 -0.5052809715 0.8626819849 0.0000000000 11.5218000412 -5.5487599373 9.7796497345 1.0000000000  ]
    ObjectInstance "Hoja_B01"
AttributeEnd

AttributeBegin
    Transform [ 0.9222289920 -0.3864539862 -0.0121266004 0.0000000000 -0.2757039964 -0.6352999806 -0.7213749886 0.0000000000 -0.2710739970 -0.6686159968 0.6924380064 0.0000000000 11.4258003235 -5.6409997940 9.7695999146 1.0000000000  ]
    ObjectInstance "Hoja_B01"
AttributeEnd

AttributeBegin
    Transform [ -0.3674809933 -0.9299979806 -0.0077800001 0.0000000000 -0.9195029736 0.3645629883 -0.1469980031 0.0000000000 -0.1395449936 0.0468653999 0.9891059995 0.0000000000 11.4097003937 -5.5177598000 9.8264703751 1.0000000000  ]
    ObjectInstance "Hoja_B01"
AttributeEnd

AttributeBegin
    Transform [ 0.8498470187 -0.5258139968 0.0357616991 0.0000000000 -0.3373579979 -0.5948759913 -0.7295969725 0.0000000000 -0.4049060047 -0.6079819798 0.6829419732 0.0000000000 11.3605003357 -5.6192598343 9.8939695358 1.0000000000  ]
    ObjectInstance "Hoja_B01"
AttributeEnd

AttributeBegin
    Transform [ -0.3359499872 -0.9398980141 0.0610601008 0.0000000000 -0.8045449853 0.2526539862 -0.5374699831 0.0000000000 -0.4897400141 0.2296890020 0.8410689831 0.0000000000 11.3411998749 -5.5019102097 9.8958597183 1.0000000000  ]
    ObjectInstance "Hoja_B01"
AttributeEnd

AttributeBegin
    Transform [ -0.3270590007 -0.9449920058 -0.0047564302 0.0000000000 -0.9204559922 0.3196989894 -0.2248419970 0.0000000000 -0.2139949948 0.0691585988 0.9743840098 0.0000000000 11.5959997177 -5.5081601143 9.8002300262 1.0000000000  ]
    ObjectInstance "Hoja_B01"
AttributeEnd

AttributeBegin
    Transform [ 0.9812530279 0.1927240044 0.0000000000 0.0000000000 0.1869750023 -0.9519820213 -0.2424290031 0.0000000000 0.0467218012 -0.2378839999 0.9701690078 0.0000000000 11.8219995499 -5.5384302139 9.8714799881 1.0000000000  ]
    ObjectInstance "Hoja_B01"
AttributeEnd

AttributeBegin
    Transform [ -0.9837800264 -0.1793339998 0.0040109698 0.0000000000 -0.1761910021 0.9618579745 -0.2092500031 0.0000000000 -0.0336676985 0.2065619975 0.9778540134 0.0000000000 11.7427997589 -5.4155697823 9.9003095627 1.0000000000  ]
    ObjectInstance "Hoja_B01"
AttributeEnd

AttributeBegin
    Transform [ 0.9296439886 -0.3672089875 -0.0303297993 0.0000000000 -0.3439890146 -0.8354619741 -0.4285719991 0.0000000000 -0.1320360005 -0.4088529944 0.9029979706 0.0000000000 11.7994003296 -5.6356902122 10.0033998489 1.0000000000  ]
    ObjectInstance "Hoja_B01"
AttributeEnd

AttributeBegin
    Transform [ 0.8784670234 0.4766890109 -0.0326041989 0.0000000000 0.3717029989 -0.7246810198 -0.5802360177 0.0000000000 0.3002200127 -0.4975999892 0.8137949705 0.0000000000 11.8746995926 -5.5848999023 10.0095996857 1.0000000000  ]
    ObjectInstance "Hoja_B01"
AttributeEnd

AttributeBegin
    Transform [ -0.4809150100 -0.8761510253 -0.0328719988 0.0000000000 -0.6951680183 0.4038850069 -0.5946589708 0.0000000000 -0.5342869759 0.2631289959 0.8033059835 0.0000000000 11.5144996643 -5.2018098831 9.9157199860 1.0000000000  ]
    ObjectInstance "Hoja_B01"
AttributeEnd

AttributeBegin
    Transform [ 0.9812200069 0.1928910017 0.0000000000 0.0000000000 0.1824149936 -0.9279299974 -0.3250719905 0.0000000000 0.0627032965 -0.3189670146 0.9456890225 0.0000000000 11.5698003769 -5.1384100914 9.9889497757 1.0000000000  ]
    ObjectInstance "Hoja_B01"
AttributeEnd

AttributeBegin
    Transform [ -0.1289339960 0.9894530177 -0.0660163015 0.0000000000 0.9195669889 0.0943785980 -0.3814289868 0.0000000000 0.3711760044 0.1098859981 0.9220380187 0.0000000000 11.6639995575 -5.1633400917 9.9756498337 1.0000000000  ]
    ObjectInstance "Hoja_B01"
AttributeEnd

AttributeBegin
    Transform [ 0.9898759723 -0.1419329941 0.0000000000 0.0000000000 -0.1249449998 -0.8713979721 -0.4743990004 0.0000000000 -0.0673329011 -0.4695959985 0.8803099990 0.0000000000 11.4547004700 -5.1232099533 10.0965995789 1.0000000000  ]
    ObjectInstance "Hoja_B01"
AttributeEnd

AttributeBegin
    Transform [ 0.9932079911 -0.1163519993 0.0000000000 0.0000000000 -0.1041819975 -0.8893250227 -0.4452500045 0.0000000000 -0.0518057011 -0.4422259927 0.8954060078 0.0000000000 11.5644998550 -5.2173700333 10.1110000610 1.0000000000  ]
    ObjectInstance "Hoja_B01"
AttributeEnd

AttributeBegin
    Transform [ 0.8590199947 0.5108829737 -0.0329110995 0.0000000000 0.4185500145 -0.7378770113 -0.5294849873 0.0000000000 0.2947889864 -0.4410629869 0.8476809859 0.0000000000 11.6125001907 -5.4824099541 10.1106004715 1.0000000000  ]
    ObjectInstance "Hoja_B01"
AttributeEnd

AttributeBegin
    Transform [ 0.9907289743 -0.1358560026 0.0000000000 0.0000000000 -0.1152469963 -0.8404380083 -0.5295119882 0.0000000000 -0.0719373971 -0.5246019959 0.8483030200 0.0000000000 11.5642004013 -5.4752497673 10.2722997665 1.0000000000  ]
    ObjectInstance "Hoja_B01"
AttributeEnd

AttributeBegin
    Transform [ 0.9490919709 -0.3149999976 0.0000000000 0.0000000000 -0.3024530113 -0.9112880230 -0.2794210017 0.0000000000 -0.0880173966 -0.2651959956 0.9601690173 0.0000000000 11.5097999573 -5.3539099693 10.2648000717 1.0000000000  ]
    ObjectInstance "Hoja_B01"
AttributeEnd

AttributeBegin
    Transform [ 0.9621559978 -0.2724980116 0.0000000000 0.0000000000 -0.2648980021 -0.9353219867 -0.2345229983 0.0000000000 -0.0639071986 -0.2256480008 0.9721099734 0.0000000000 11.6589002609 -5.3104400635 10.0075998306 1.0000000000  ]
    ObjectInstance "Hoja_B01"
AttributeEnd

AttributeBegin
    Transform [ 0.3440470099 0.9359009862 0.0756338984 0.0000000000 0.6473060250 -0.1780620068 -0.7411400080 0.0000000000 0.6801660061 -0.3039459884 0.6670759916 0.0000000000 11.7312002182 -5.4106302261 9.9982204437 1.0000000000  ]
    ObjectInstance "Hoja_B01"
AttributeEnd

AttributeBegin
    Transform [ -0.9977999926 -0.0471876003 0.0465723984 0.0000000000 -0.0658987015 0.6287209988 -0.7748339772 0.0000000000 -0.0072814799 0.7761980295 0.6304469705 0.0000000000 11.6373996735 -5.2623801231 9.9883298874 1.0000000000  ]
    ObjectInstance "Hoja_B01"
AttributeEnd

AttributeBegin
    Transform [ -0.9618840218 0.2675350010 0.0566068999 0.0000000000 0.1756310016 0.7630649805 -0.6220020056 0.0000000000 0.2096019983 0.5883520246 0.7809669971 0.0000000000 11.6993999481 -5.2325601578 10.0629997253 1.0000000000  ]
    ObjectInstance "Hoja_B01"
AttributeEnd

AttributeBegin
    Transform [ 0.0136475004 -0.9992939830 0.0349887013 0.0000000000 -0.9693430066 -0.0218077991 -0.2447430044 0.0000000000 -0.2453339994 0.0305758994 0.9689559937 0.0000000000 11.5553998947 -5.2746200562 10.1283998489 1.0000000000  ]
    ObjectInstance "Hoja_B01"
AttributeEnd

AttributeBegin
    Transform [ -0.7485070229 0.6596140265 0.0681611970 0.0000000000 0.3888890147 0.5198919773 -0.7605770230 0.0000000000 0.5371239781 0.5427899957 0.6456599832 0.0000000000 11.7089996338 -5.4720702171 8.5803804398 1.0000000000  ]
    ObjectInstance "Hoja_B01"
AttributeEnd

AttributeBegin
    Transform [ -0.9989529848 -0.0422835983 -0.0174541995 0.0000000000 -0.0229925998 0.7939779758 -0.6075119972 0.0000000000 -0.0395460017 0.6064749956 0.7941190004 0.0000000000 11.4708995819 -5.2832298279 8.6556797028 1.0000000000  ]
    ObjectInstance "Hoja_B01"
AttributeEnd

AttributeBegin
    Transform [ -0.9917770028 -0.1258659959 -0.0231512003 0.0000000000 -0.0797619969 0.7493939996 -0.6573029757 0.0000000000 -0.1000820026 0.6500509977 0.7532709837 0.0000000000 11.4713001251 -5.2477397919 8.5883197784 1.0000000000  ]
    ObjectInstance "Hoja_B01"
AttributeEnd

AttributeBegin
    Transform [ 0.2351910025 -0.9719290137 -0.0062770899 0.0000000000 -0.9585490227 -0.2308750004 -0.1669780016 0.0000000000 -0.1608420014 -0.0452886000 0.9859409928 0.0000000000 11.3732995987 -5.2546601295 8.6222200394 1.0000000000  ]
    ObjectInstance "Hoja_B01"
AttributeEnd

AttributeBegin
    Transform [ -0.9502090216 -0.3088020086 0.0417669006 0.0000000000 -0.3114179969 0.9362890124 -0.1624229997 0.0000000000 -0.0110507002 0.1673430055 0.9858369827 0.0000000000 11.4678001404 -5.1156201363 8.6536397934 1.0000000000  ]
    ObjectInstance "Hoja_B01"
AttributeEnd

AttributeBegin
    Transform [ 0.9995279908 -0.0307103004 0.0000000000 0.0000000000 -0.0275069997 -0.8952689767 -0.4446769953 0.0000000000 -0.0136561999 -0.4444670081 0.8956909776 0.0000000000 11.4594001770 -5.1114201546 8.6427803040 1.0000000000  ]
    ObjectInstance "Hoja_B01"
AttributeEnd

AttributeBegin
    Transform [ -0.3462670147 -0.9369029999 0.0480890013 0.0000000000 -0.8729349971 0.3030009866 -0.3823289871 0.0000000000 -0.3436340094 0.1743669957 0.9227740169 0.0000000000 11.3465003967 -5.0840101242 8.6413898468 1.0000000000  ]
    ObjectInstance "Hoja_B01"
AttributeEnd

AttributeBegin
    Transform [ 0.9969620109 0.0778938010 0.0000000000 0.0000000000 0.0610109009 -0.7808780074 -0.6216959953 0.0000000000 0.0484263003 -0.6198070049 0.7832580209 0.0000000000 11.4671001434 -5.0787200928 8.6333799362 1.0000000000  ]
    ObjectInstance "Hoja_B01"
AttributeEnd

AttributeBegin
    Transform [ -0.9826970100 0.1798180044 -0.0444047004 0.0000000000 0.1852190048 0.9535340071 -0.2376269996 0.0000000000 0.0003881720 0.2417400032 0.9703410268 0.0000000000 11.4111995697 -5.0446200371 8.6287097931 1.0000000000  ]
    ObjectInstance "Hoja_B01"
AttributeEnd

AttributeBegin
    Transform [ -0.3457570076 -0.9357690215 0.0691953972 0.0000000000 -0.6833649874 0.2005890012 -0.7019810081 0.0000000000 -0.6430119872 0.2900010049 0.7088260055 0.0000000000 11.6651000977 -4.9550800323 8.5987596512 1.0000000000  ]
    ObjectInstance "Hoja_B01"
AttributeEnd

AttributeBegin
    Transform [ -0.9035779834 0.4284130037 0.0031899300 0.0000000000 0.2997579873 0.6375129819 -0.7097340226 0.0000000000 0.3060930073 0.6403430104 0.7044630051 0.0000000000 11.8130998611 -4.9340100288 8.5550699234 1.0000000000  ]
    ObjectInstance "Hoja_B01"
AttributeEnd

AttributeBegin
    Transform [ -0.7351650000 0.6751840115 0.0604966991 0.0000000000 0.4506739974 0.5534669757 -0.7004050016 0.0000000000 0.5063850284 0.4876489937 0.7111769915 0.0000000000 11.8219003677 -4.9228100777 8.4669504166 1.0000000000  ]
    ObjectInstance "Hoja_B01"
AttributeEnd

AttributeBegin
    Transform [ 0.4317040145 -0.9004430175 0.0532319993 0.0000000000 -0.6882420182 -0.3669649959 -0.6258270144 0.0000000000 -0.5830559731 -0.2335360050 0.7781429887 0.0000000000 11.6590003967 -4.9045100212 8.4942998886 1.0000000000  ]
    ObjectInstance "Hoja_B01"
AttributeEnd

AttributeBegin
    Transform [ -0.7770450115 0.6291499734 0.0192747992 0.0000000000 0.5330079794 0.6739739776 -0.5115280151 0.0000000000 0.3348189890 0.3872070014 0.8590499759 0.0000000000 11.8406000137 -4.8561100960 8.4827098846 1.0000000000  ]
    ObjectInstance "Hoja_B01"
AttributeEnd

AttributeBegin
    Transform [ -0.9991369843 0.0361646004 -0.0204429999 0.0000000000 0.0400082991 0.7051579952 -0.7079210281 0.0000000000 0.0111860996 0.7081279755 0.7059959769 0.0000000000 11.7803001404 -4.8122301102 8.4256401062 1.0000000000  ]
    ObjectInstance "Hoja_B01"
AttributeEnd

AttributeBegin
    Transform [ -0.9243069887 0.3806889951 -0.0270591006 0.0000000000 0.3290239871 0.7589240074 -0.5619410276 0.0000000000 0.1933889985 0.5283100009 0.8267350197 0.0000000000 11.8423995972 -4.7906198502 8.9137296677 1.0000000000  ]
    ObjectInstance "Hoja_B01"
AttributeEnd

AttributeBegin
    Transform [ 0.9862449765 -0.1652110070 -0.0051169200 0.0000000000 -0.1498939991 -0.8809040189 -0.4489299953 0.0000000000 -0.0696607977 -0.4435220063 0.8935520053 0.0000000000 11.7910995483 -4.9510002136 8.9091300964 1.0000000000  ]
    ObjectInstance "Hoja_B01"
AttributeEnd

AttributeBegin
    Transform [ -0.4975560009 -0.8674010038 0.0072690998 0.0000000000 -0.8257020116 0.4710359871 -0.3103890121 0.0000000000 -0.2658079863 0.1604380012 0.9505820274 0.0000000000 11.7716999054 -4.8452301025 9.0584697723 1.0000000000  ]
    ObjectInstance "Hoja_B01"
AttributeEnd

AttributeBegin
    Transform [ 0.6417940259 0.7656459808 0.0434236005 0.0000000000 0.6448029876 -0.5081149936 -0.5710070133 0.0000000000 0.4151250124 -0.3944680095 0.8197960258 0.0000000000 11.8472995758 -4.9144001007 9.0493202209 1.0000000000  ]
    ObjectInstance "Hoja_B01"
AttributeEnd

AttributeBegin
    Transform [ 0.8199070096 0.5716819763 -0.0305285994 0.0000000000 0.4436500072 -0.6681780219 -0.5972539783 0.0000000000 0.3618380129 -0.4761489928 0.8014709949 0.0000000000 11.9779996872 -4.8898701668 8.7515802383 1.0000000000  ]
    ObjectInstance "Hoja_B01"
AttributeEnd

AttributeBegin
    Transform [ -0.9019730091 0.4316599965 0.0106726000 0.0000000000 0.3905749917 0.8261650205 -0.4060809910 0.0000000000 0.1841060072 0.3621059954 0.9137740135 0.0000000000 11.9989995956 -4.7582697868 8.8179197311 1.0000000000  ]
    ObjectInstance "Hoja_B01"
AttributeEnd

AttributeBegin
    Transform [ 0.9990249872 0.0441454016 0.0000000000 0.0000000000 0.0392129011 -0.8874009848 -0.4593279958 0.0000000000 0.0202772003 -0.4588800073 0.8882669806 0.0000000000 11.9238004684 -4.7712998390 8.8154497147 1.0000000000  ]
    ObjectInstance "Hoja_B01"
AttributeEnd

AttributeBegin
    Transform [ -0.8609600067 0.5078169703 -0.0295138992 0.0000000000 0.3152639866 0.4871700108 -0.8144170046 0.0000000000 0.3991959989 0.7104849815 0.5795289874 0.0000000000 11.8737001419 -4.5818200111 8.7160701752 1.0000000000  ]
    ObjectInstance "Hoja_B01"
AttributeEnd

AttributeBegin
    Transform [ -0.1892960072 -0.9813899994 -0.0322647989 0.0000000000 -0.7377939820 0.1638389975 -0.6548420191 0.0000000000 -0.6479409933 0.1001539975 0.7550770044 0.0000000000 11.8326997757 -4.7245898247 8.8258600235 1.0000000000  ]
    ObjectInstance "Hoja_B01"
AttributeEnd

AttributeBegin
    Transform [ -0.9118059874 0.4066660106 -0.0568592995 0.0000000000 0.3493939936 0.6956279874 -0.6277149916 0.0000000000 0.2157170027 0.5922200084 0.7763640285 0.0000000000 11.2490997314 -5.3407301903 9.0313396454 1.0000000000  ]
    ObjectInstance "Hoja_B01"
AttributeEnd

AttributeBegin
    Transform [ 0.8672869802 -0.4891879857 0.0922406018 0.0000000000 -0.2252900004 -0.5509390235 -0.8035619855 0.0000000000 -0.4439109862 -0.6761379838 0.5880309939 0.0000000000 11.1457004547 -5.5183701515 9.0209999084 1.0000000000  ]
    ObjectInstance "Hoja_B01"
AttributeEnd

AttributeBegin
    Transform [ -0.7564880252 -0.6538699865 -0.0134268999 0.0000000000 -0.6124420166 0.7154620290 -0.3361969888 0.0000000000 -0.2294349968 0.2461059988 0.9416959882 0.0000000000 11.0979003906 -5.3728399277 9.0875997543 1.0000000000  ]
    ObjectInstance "Hoja_B01"
AttributeEnd

AttributeBegin
    Transform [ -0.6964300275 -0.7135760188 -0.0761258006 0.0000000000 -0.4665879905 0.5308499932 -0.7074559927 0.0000000000 -0.5452349782 0.4571740031 0.7026460171 0.0000000000 11.0149002075 -5.3938498497 9.1383695602 1.0000000000  ]
    ObjectInstance "Hoja_B01"
AttributeEnd

AttributeBegin
    Transform [ 0.3029940128 -0.9502840042 -0.0717998967 0.0000000000 -0.9069070220 -0.2643760145 -0.3280619979 0.0000000000 -0.2927699983 -0.1645170003 0.9419230223 0.0000000000 11.0057001114 -5.4633002281 9.1539096832 1.0000000000  ]
    ObjectInstance "Hoja_B01"
AttributeEnd

AttributeBegin
    Transform [ -0.7430869937 -0.6689419746 -0.0183933992 0.0000000000 -0.5525959730 0.6288840175 -0.5469380021 0.0000000000 -0.3774380088 0.3962590098 0.8369709849 0.0000000000 11.3010997772 -5.1630201340 9.0414695740 1.0000000000  ]
    ObjectInstance "Hoja_B01"
AttributeEnd

AttributeBegin
    Transform [ 0.9953680038 0.0961259976 0.0012932901 0.0000000000 0.0919888988 -0.9484490156 -0.3032869995 0.0000000000 0.0279271994 -0.3020009995 0.9528980255 0.0000000000 11.3781003952 -5.2795801163 9.1067495346 1.0000000000  ]
    ObjectInstance "Hoja_B01"
AttributeEnd

AttributeBegin
    Transform [ -0.4080350101 0.9129359722 -0.0074896999 0.0000000000 0.6968340278 0.3061279953 -0.6486200094 0.0000000000 0.5898550153 0.2698790133 0.7610759735 0.0000000000 11.4211997986 -5.1740298271 9.1201000214 1.0000000000  ]
    ObjectInstance "Hoja_B01"
AttributeEnd

AttributeBegin
    Transform [ -0.6922649741 0.7213609815 0.0201721992 0.0000000000 0.7060239911 0.6828020215 -0.1879120022 0.0000000000 0.1493259966 0.1158429980 0.9819779992 0.0000000000 11.4462003708 -5.1311001778 9.0877304077 1.0000000000  ]
    ObjectInstance "Hoja_B01"
AttributeEnd

AttributeBegin
    Transform [ -0.1144270003 -0.9927359819 0.0371793993 0.0000000000 -0.9108449817 0.0899005979 -0.4028390050 0.0000000000 -0.3965699971 0.0799601972 0.9145159721 0.0000000000 11.2938003540 -5.1135201454 9.1410102844 1.0000000000  ]
    ObjectInstance "Hoja_B01"
AttributeEnd

AttributeBegin
    Transform [ -0.6345900297 -0.7673950195 0.0916566998 0.0000000000 -0.5250539780 0.3410570025 -0.7797430158 0.0000000000 -0.5671100020 0.5429419875 0.6193550229 0.0000000000 11.4006996155 -4.9623799324 9.1787996292 1.0000000000  ]
    ObjectInstance "Hoja_B01"
AttributeEnd

AttributeBegin
    Transform [ -0.9528589845 -0.2804099917 0.1158889979 0.0000000000 -0.2863459885 0.7047780156 -0.6490709782 0.0000000000 -0.1003300026 0.6516579986 0.7518479824 0.0000000000 11.4495000839 -4.9529700279 9.1461601257 1.0000000000  ]
    ObjectInstance "Hoja_B01"
AttributeEnd

AttributeBegin
    Transform [ -0.8890830278 -0.4542739987 -0.0562771000 0.0000000000 -0.2996659875 0.6705639958 -0.6786339879 0.0000000000 -0.3460229933 0.5864970088 0.7323179841 0.0000000000 11.1531000137 -5.1097297668 9.1558399200 1.0000000000  ]
    ObjectInstance "Hoja_B01"
AttributeEnd

AttributeBegin
    Transform [ 0.8764550090 0.4806230068 0.0287549999 0.0000000000 0.4732280076 -0.8488810062 -0.2354940027 0.0000000000 0.0887743980 -0.2200080007 0.9714499712 0.0000000000 11.1033000946 -5.2095899582 9.2292098999 1.0000000000  ]
    ObjectInstance "Hoja_B01"
AttributeEnd

AttributeBegin
    Transform [ -0.6029000282 -0.7973909974 0.0260790009 0.0000000000 -0.7502200007 0.5555080175 -0.3585810065 0.0000000000 -0.2714419961 0.2357539982 0.9331340194 0.0000000000 10.9520998001 -5.0653200150 9.1985597610 1.0000000000  ]
    ObjectInstance "Hoja_B01"
AttributeEnd

AttributeBegin
    Transform [ 0.0945544019 -0.9955189824 0.0007110670 0.0000000000 -0.9721900225 -0.0924922004 -0.2151560038 0.0000000000 -0.2142580003 -0.0196525995 0.9765800238 0.0000000000 11.2104997635 -5.2866802216 9.3474197388 1.0000000000  ]
    ObjectInstance "Hoja_B01"
AttributeEnd

AttributeBegin
    Transform [ 0.9665219784 -0.2565830052 0.0000000000 0.0000000000 -0.2308250070 -0.8694959879 -0.4366869926 0.0000000000 -0.1120470017 -0.4220679998 0.8996130228 0.0000000000 11.2473001480 -5.2425999641 9.3482799530 1.0000000000  ]
    ObjectInstance "Hoja_B01"
AttributeEnd

AttributeBegin
    Transform [ -0.0656737983 -0.9970520139 -0.0396738015 0.0000000000 -0.8196150064 0.0765788034 -0.5677750111 0.0000000000 -0.5691390038 0.0047706398 0.8222270012 0.0000000000 11.2047996521 -5.2523298264 9.3935298920 1.0000000000  ]
    ObjectInstance "Hoja_B01"
AttributeEnd

AttributeBegin
    Transform [ 0.9804229736 0.1969040036 0.0000000000 0.0000000000 0.1879609972 -0.9358980060 -0.2979339957 0.0000000000 0.0586642995 -0.2921020091 0.9545860291 0.0000000000 11.2227001190 -4.9310798645 9.3241300583 1.0000000000  ]
    ObjectInstance "Hoja_B01"
AttributeEnd

AttributeBegin
    Transform [ -0.9673590064 0.2527509928 -0.0182437003 0.0000000000 0.2416500002 0.8984029889 -0.3667109907 0.0000000000 0.0762965009 0.3591499925 0.9301559925 0.0000000000 11.3736000061 -4.7396898270 9.3829803467 1.0000000000  ]
    ObjectInstance "Hoja_B01"
AttributeEnd

AttributeBegin
    Transform [ 0.7680699825 0.6403449774 0.0051520001 0.0000000000 0.6392189860 -0.7661880255 -0.0659848973 0.0000000000 0.0383056998 -0.0539743006 0.9978070259 0.0000000000 11.4567003250 -4.7994499207 9.4784898758 1.0000000000  ]
    ObjectInstance "Hoja_B01"
AttributeEnd

AttributeBegin
    Transform [ -0.0781406015 0.9969310164 -0.0046472400 0.0000000000 0.8458889723 0.0638332963 -0.5295249820 0.0000000000 0.5276039839 0.0453083999 0.8482819796 0.0000000000 11.4688997269 -4.7128801346 9.4650096893 1.0000000000  ]
    ObjectInstance "Hoja_B01"
AttributeEnd

AttributeBegin
    Transform [ 0.9998819828 -0.0025484900 -0.0151594998 0.0000000000 -0.0129877003 -0.6676080227 -0.7444000244 0.0000000000 0.0082235103 -0.7445089817 0.6675620079 0.0000000000 11.1641998291 -5.1999301910 9.4198198318 1.0000000000  ]
    ObjectInstance "Hoja_B01"
AttributeEnd

AttributeBegin
    Transform [ 0.5936819911 -0.8046489954 0.0090103196 0.0000000000 -0.6700829864 -0.5005350113 -0.5481359959 0.0000000000 -0.4455670118 -0.3193809986 0.8363410234 0.0000000000 10.9953002930 -5.0844001770 9.4601402283 1.0000000000  ]
    ObjectInstance "Hoja_B01"
AttributeEnd

AttributeBegin
    Transform [ 0.9848610163 -0.1733479947 0.0000000000 0.0000000000 -0.1721310019 -0.9779480100 -0.1182760000 0.0000000000 -0.0205029007 -0.1164849997 0.9929810166 0.0000000000 10.9075002670 -5.0709300041 9.5615196228 1.0000000000  ]
    ObjectInstance "Hoja_B01"
AttributeEnd

AttributeBegin
    Transform [ -0.2285069972 -0.9731410146 -0.0279466007 0.0000000000 -0.9388899803 0.2278729975 -0.2579919994 0.0000000000 -0.2574310005 0.0327141993 0.9657430053 0.0000000000 10.8776998520 -5.0311198235 9.5319299698 1.0000000000  ]
    ObjectInstance "Hoja_B01"
AttributeEnd

AttributeBegin
    Transform [ 0.9611859918 -0.2729620039 -0.0401545987 0.0000000000 -0.2564310133 -0.8301450014 -0.4950790107 0.0000000000 -0.1018040031 -0.4861600101 0.8679190278 0.0000000000 11.2587995529 -4.9657602310 9.6190004349 1.0000000000  ]
    ObjectInstance "Hoja_B01"
AttributeEnd

AttributeBegin
    Transform [ 0.7466440201 -0.6651960015 0.0060413401 0.0000000000 -0.4278140068 -0.4871110022 -0.7613790035 0.0000000000 -0.5094090104 -0.5658940077 0.6482790112 0.0000000000 11.1780996323 -4.9110999107 9.6605501175 1.0000000000  ]
    ObjectInstance "Hoja_B01"
AttributeEnd

AttributeBegin
    Transform [ -0.5940589905 -0.7891719937 0.1558880061 0.0000000000 -0.5474629998 0.2546469867 -0.7971450090 0.0000000000 -0.5893880129 0.5588939786 0.5833179951 0.0000000000 10.9645004272 -4.8334598541 9.5088901520 1.0000000000  ]
    ObjectInstance "Hoja_B01"
AttributeEnd

AttributeBegin
    Transform [ 0.9992849827 0.0378211997 0.0000000000 0.0000000000 0.0348179005 -0.9199349880 -0.3905209899 0.0000000000 0.0147700002 -0.3902420104 0.9205939770 0.0000000000 10.9267997742 -4.8667798042 9.5960597992 1.0000000000  ]
    ObjectInstance "Hoja_B01"
AttributeEnd

AttributeBegin
    Transform [ -0.8978700042 -0.4391489923 -0.0312863998 0.0000000000 -0.4018889964 0.8465570211 -0.3490369916 0.0000000000 -0.1797650009 0.3008159995 0.9365860224 0.0000000000 10.9008998871 -4.8238401413 9.5662498474 1.0000000000  ]
    ObjectInstance "Hoja_B01"
AttributeEnd

AttributeBegin
    Transform [ -0.3383510113 -0.9395819902 0.0519957989 0.0000000000 -0.6852700114 0.2081499994 -0.6979089975 0.0000000000 -0.6449210048 0.2717700005 0.7142959833 0.0000000000 11.0164003372 -4.8938798904 9.7497301102 1.0000000000  ]
    ObjectInstance "Hoja_B01"
AttributeEnd

AttributeBegin
    Transform [ 0.3021360040 -0.9528499842 0.0281312000 0.0000000000 -0.7020909786 -0.2423920035 -0.6695629954 0.0000000000 -0.6448109746 -0.1825489998 0.7422230244 0.0000000000 11.0106000900 -4.9749698639 9.8157396317 1.0000000000  ]
    ObjectInstance "Hoja_B01"
AttributeEnd

AttributeBegin
    Transform [ -0.1875039935 -0.9822540283 -0.0044307602 0.0000000000 -0.7930570245 0.1540459991 -0.5893470049 0.0000000000 -0.5795710087 0.1069910005 0.8078680038 0.0000000000 11.0482997894 -4.9691801071 9.9179897308 1.0000000000  ]
    ObjectInstance "Hoja_B01"
AttributeEnd

AttributeBegin
    Transform [ -0.5406550169 -0.8385279775 0.0675534010 0.0000000000 -0.7891659737 0.4777309895 -0.3859930038 0.0000000000 -0.2913930118 0.2619999945 0.9200249910 0.0000000000 11.0768003464 -4.6598501205 9.8647003174 1.0000000000  ]
    ObjectInstance "Hoja_B01"
AttributeEnd

AttributeBegin
    Transform [ -0.9136289954 0.4065259993 0.0042866198 0.0000000000 0.3368729949 0.7629100084 -0.5518019795 0.0000000000 0.2275920063 0.5026980042 0.8339650035 0.0000000000 11.1842002869 -4.6686501503 9.9136400223 1.0000000000  ]
    ObjectInstance "Hoja_B01"
AttributeEnd

AttributeBegin
    Transform [ 0.8945350051 -0.4469960034 0.0008391370 0.0000000000 -0.4404079914 -0.8816699982 -0.1694079936 0.0000000000 -0.0764643997 -0.1511719972 0.9855459929 0.0000000000 11.1295995712 -4.7826099396 9.9357099533 1.0000000000  ]
    ObjectInstance "Hoja_B01"
AttributeEnd

AttributeBegin
    Transform [ -0.9741410017 0.2258960009 -0.0045895400 0.0000000000 0.2030870020 0.8665170074 -0.4559639990 0.0000000000 0.0990236029 0.4451049864 0.8899859786 0.0000000000 10.7937002182 -4.7202601433 10.0853996277 1.0000000000  ]
    ObjectInstance "Hoja_B01"
AttributeEnd

AttributeBegin
    Transform [ 0.6573669910 -0.7531489730 0.0252062995 0.0000000000 -0.5296480060 -0.4855670035 -0.6954839826 0.0000000000 -0.5360419750 -0.4438380003 0.7181000113 0.0000000000 10.7319002151 -4.8083600998 10.0911998749 1.0000000000  ]
    ObjectInstance "Hoja_B01"
AttributeEnd

AttributeBegin
    Transform [ -0.9250779748 -0.3797540069 0.0041921600 0.0000000000 -0.3703480065 0.8996109962 -0.2313929945 0.0000000000 -0.0841011032 0.2156089991 0.9728519917 0.0000000000 10.7725000381 -4.7052397728 10.0645999908 1.0000000000  ]
    ObjectInstance "Hoja_B01"
AttributeEnd

AttributeBegin
    Transform [ -0.4641650021 -0.8842170238 -0.0520666018 0.0000000000 -0.8146669865 0.4492500126 -0.3667300045 0.0000000000 -0.3476600051 0.1278059930 0.9288690090 0.0000000000 10.7108001709 -4.7568202019 10.0630998611 1.0000000000  ]
    ObjectInstance "Hoja_B01"
AttributeEnd

AttributeBegin
    Transform [ 0.6876540184 0.7260310054 -0.0031766801 0.0000000000 0.7079409957 -0.6714779735 -0.2189449966 0.0000000000 0.1610939950 -0.1483100057 0.9757320285 0.0000000000 11.0817003250 -4.8298001289 9.9473896027 1.0000000000  ]
    ObjectInstance "Hoja_B01"
AttributeEnd

AttributeBegin
    Transform [ -0.9980180264 -0.0606446005 0.0167925004 0.0000000000 -0.0604894012 0.8510249853 -0.5216289759 0.0000000000 -0.0173432007 0.5216109753 0.8530070186 0.0000000000 11.0497999191 -4.7254199982 9.9573402405 1.0000000000  ]
    ObjectInstance "Hoja_B01"
AttributeEnd

AttributeBegin
    Transform [ -0.9671199918 -0.2543160021 -0.0014119101 0.0000000000 -0.2542000115 0.9668189883 -0.0253720004 0.0000000000 -0.0078175897 0.0241788998 0.9996770024 0.0000000000 10.9552001953 -4.7177100182 9.9546203613 1.0000000000  ]
    ObjectInstance "Hoja_B01"
AttributeEnd

AttributeBegin
    Transform [ 0.9946920276 0.1025490016 0.0084659504 0.0000000000 0.0960024968 -0.8952779770 -0.4350410104 0.0000000000 0.0370336995 -0.4335449934 0.9003710151 0.0000000000 10.9889001846 -4.8602399826 10.0172004700 1.0000000000  ]
    ObjectInstance "Hoja_B01"
AttributeEnd

AttributeBegin
    Transform [ -0.5532619953 -0.8266109824 0.1030289978 0.0000000000 -0.5863289833 0.2985790074 -0.7530400157 0.0000000000 -0.5917090178 0.4770370126 0.6498590112 0.0000000000 11.6421003342 -4.9489998817 8.9948396683 1.0000000000  ]
    ObjectInstance "Hoja_B01"
AttributeEnd

AttributeBegin
    Transform [ -0.2890399992 0.9516469836 0.1040370017 0.0000000000 0.7826470137 0.2974860072 -0.5467770100 0.0000000000 0.5512890220 0.0766159967 0.8307890296 0.0000000000 11.7983999252 -5.0251398087 9.0375499725 1.0000000000  ]
    ObjectInstance "Hoja_B01"
AttributeEnd

AttributeBegin
    Transform [ -0.9987099767 0.0425185002 0.0277667996 0.0000000000 0.0234357007 0.8709750175 -0.4907679856 0.0000000000 0.0450509004 0.4894840121 0.8708480000 0.0000000000 11.7769002914 -4.9041800499 9.0020198822 1.0000000000  ]
    ObjectInstance "Hoja_B01"
AttributeEnd

AttributeBegin
    Transform [ -0.5838999748 0.8113150001 0.0287985001 0.0000000000 0.5481039882 0.4201399982 -0.7232319713 0.0000000000 0.5988680124 0.4065110087 0.6900050044 0.0000000000 11.8718996048 -4.8595499992 9.0198297501 1.0000000000  ]
    ObjectInstance "Hoja_B01"
AttributeEnd

AttributeBegin
    Transform [ 0.4781830013 0.8781909943 0.0110141998 0.0000000000 0.6729480028 -0.3583100140 -0.6471130252 0.0000000000 0.5643429756 -0.3168500066 0.7623140216 0.0000000000 11.9363002777 -4.9551601410 9.0048704147 1.0000000000  ]
    ObjectInstance "Hoja_B01"
AttributeEnd

AttributeBegin
    Transform [ 0.3388999999 0.9391170144 -0.0566221997 0.0000000000 0.8896110058 -0.3394579887 -0.3055509925 0.0000000000 0.3061690032 -0.0531795993 0.9504910111 0.0000000000 11.9750995636 -4.9118099213 9.0895595551 1.0000000000  ]
    ObjectInstance "Hoja_B01"
AttributeEnd

AttributeBegin
    Transform [ -0.9609490037 0.2765809894 -0.0089591704 0.0000000000 0.2368140072 0.8051710129 -0.5437080264 0.0000000000 0.1431660056 0.5245980024 0.8392260075 0.0000000000 11.5276002884 -4.8084201813 9.0627098083 1.0000000000  ]
    ObjectInstance "Hoja_B01"
AttributeEnd

AttributeBegin
    Transform [ -0.9580330253 0.2842989862 -0.0366991982 0.0000000000 0.2846780121 0.9285600185 -0.2381889969 0.0000000000 0.0336395986 0.2386399955 0.9705250263 0.0000000000 11.4961004257 -4.7490100861 9.0833196640 1.0000000000  ]
    ObjectInstance "Hoja_B01"
AttributeEnd

AttributeBegin
    Transform [ 0.9993630052 -0.0356790982 0.0000000000 0.0000000000 -0.0339092016 -0.9497900009 -0.3110460043 0.0000000000 -0.0110978000 -0.3108479977 0.9503949881 0.0000000000 11.5087995529 -4.7058401108 9.1126499176 1.0000000000  ]
    ObjectInstance "Hoja_B01"
AttributeEnd

AttributeBegin
    Transform [ 0.9660779834 0.2582490146 0.0000000000 0.0000000000 0.2390329987 -0.8941940069 -0.3785240054 0.0000000000 0.0977535024 -0.3656840026 0.9255909920 0.0000000000 11.4783000946 -4.7079000473 9.1081800461 1.0000000000  ]
    ObjectInstance "Hoja_B01"
AttributeEnd

AttributeBegin
    Transform [ -0.9203680158 0.3907789886 0.0146575002 0.0000000000 0.3077630103 0.7469540238 -0.5893570185 0.0000000000 0.2412569970 0.5379139781 0.8077399731 0.0000000000 11.7975997925 -4.6929597855 9.1662998199 1.0000000000  ]
    ObjectInstance "Hoja_B01"
AttributeEnd

AttributeBegin
    Transform [ 0.9998130202 0.0193556007 0.0000000000 0.0000000000 0.0177347995 -0.9160889983 -0.4005829990 0.0000000000 0.0077535301 -0.4005079865 0.9162600040 0.0000000000 11.7259998322 -4.7858500481 9.1940097809 1.0000000000  ]
    ObjectInstance "Hoja_B01"
AttributeEnd

AttributeBegin
    Transform [ -0.9693989754 -0.2454909980 0.0002469420 0.0000000000 -0.1769450009 0.6980280280 -0.6938639879 0.0000000000 -0.1701650023 0.6726750135 0.7201060057 0.0000000000 11.7243003845 -4.6258001328 9.0913200378 1.0000000000  ]
    ObjectInstance "Hoja_B01"
AttributeEnd

AttributeBegin
    Transform [ -0.9438560009 -0.3301160038 0.0126248002 0.0000000000 -0.2776530087 0.7719900012 -0.5717859864 0.0000000000 -0.1790090054 0.5431889892 0.8203049898 0.0000000000 11.7215995789 -4.5274600983 9.1136903763 1.0000000000  ]
    ObjectInstance "Hoja_B01"
AttributeEnd

AttributeBegin
    Transform [ -0.9562820196 -0.2923330069 -0.0080766100 0.0000000000 -0.2707970142 0.8955839872 -0.3529840112 0.0000000000 -0.1104220003 0.3353649974 0.9355949759 0.0000000000 11.7341995239 -4.5730299950 9.3606901169 1.0000000000  ]
    ObjectInstance "Hoja_B01"
AttributeEnd

AttributeBegin
    Transform [ -0.4320249856 -0.8944609761 0.1152940020 0.0000000000 -0.6503329873 0.2204059958 -0.7269719839 0.0000000000 -0.6248369813 0.3890500069 0.6769189835 0.0000000000 11.6293001175 -4.5727300644 9.3484697342 1.0000000000  ]
    ObjectInstance "Hoja_B01"
AttributeEnd

AttributeBegin
    Transform [ -0.9523649812 0.2770200074 0.1275140047 0.0000000000 0.0297042001 0.5004130006 -0.8652769923 0.0000000000 0.3035089970 0.8202720284 0.4848049879 0.0000000000 11.7151002884 -4.4721798897 9.3642702103 1.0000000000  ]
    ObjectInstance "Hoja_B01"
AttributeEnd

AttributeBegin
    Transform [ 0.0721317008 0.9973649979 0.0078338301 0.0000000000 0.5654950142 -0.0344255008 -0.8240330219 0.0000000000 0.8215919733 -0.0638689026 0.5664870143 0.0000000000 11.9646997452 -4.6515097618 9.3727197647 1.0000000000  ]
    ObjectInstance "Hoja_B01"
AttributeEnd

AttributeBegin
    Transform [ 0.8737249970 -0.4856100082 -0.0280734003 0.0000000000 -0.4639120102 -0.8145530224 -0.3482669890 0.0000000000 -0.1462540030 -0.3173129857 0.9369750023 0.0000000000 11.8697996140 -4.7361898422 9.4400396347 1.0000000000  ]
    ObjectInstance "Hoja_B01"
AttributeEnd

AttributeBegin
    Transform [ -0.9737470150 -0.2215729952 0.0521648005 0.0000000000 -0.2157209963 0.8250870109 -0.5222030282 0.0000000000 -0.0726656988 0.5197470188 0.8512240052 0.0000000000 11.9376001358 -4.5677599907 9.4401197433 1.0000000000  ]
    ObjectInstance "Hoja_B01"
AttributeEnd

AttributeBegin
    Transform [ 0.6452350020 -0.7639480233 0.0074565201 0.0000000000 -0.7409060001 -0.6280940175 -0.2378170043 0.0000000000 -0.1863629967 -0.1479229927 0.9712809920 0.0000000000 11.8843002319 -4.7351999283 9.4896602631 1.0000000000  ]
