
#############################################


AttributeBegin
    ObjectBegin "Hoja_B01"

    AttributeBegin
        Transform [ 1.0000000000 0.0000000000 0.0000000000 0.0000000000 0.0000000000 1.0000000000 0.0000000000 0.0000000000 0.0000000000 0.0000000000 1.0000000000 0.0000000000 0.0000000000 0.0000000000 0.0000000000 1.0000000000  ]
        NamedMaterial "Leave A_b"
        Shape "plymesh" "string filename" "geometry/hojas_a5_00001.ply" 
                "texture alpha" "Leave A_b_Alpha" 
    AttributeEnd
AttributeEnd
ObjectEnd

AttributeBegin
    Transform [ -0.6919469833 0.5855339766 0.4223249853 0.0000000000 0.6328020096 0.7734940052 -0.0356171988 0.0000000000 0.3475210071 -0.2426030040 0.9057440162 0.0000000000 13.8114004135 -9.3807201385 12.9525003433 1.0000000000  ]
    ObjectInstance "Hoja_B01"
AttributeEnd

AttributeBegin
    Transform [ 0.9918040037 -0.1058190018 -0.0715992004 0.0000000000 -0.1209890023 -0.5977799892 -0.7924770117 0.0000000000 -0.0410587005 -0.7946450114 0.6056839824 0.0000000000 10.4785995483 -10.1421003342 8.5325202942 1.0000000000  ]
    ObjectInstance "Hoja_B01"
AttributeEnd

AttributeBegin
    Transform [ -0.9191020131 -0.0797322989 -0.3858689964 0.0000000000 -0.2471449971 0.8793709874 0.4069710076 0.0000000000 -0.3068729937 -0.4694139957 0.8279370070 0.0000000000 10.4779996872 -10.0159997940 8.5433301926 1.0000000000  ]
    ObjectInstance "Hoja_B01"
AttributeEnd

AttributeBegin
    Transform [ 0.9917460084 0.0267808996 0.1253899932 0.0000000000 0.1169710010 -0.5895029902 -0.7992519736 0.0000000000 -0.0525128990 -0.8073220253 0.5877699852 0.0000000000 10.4917001724 -10.2253999710 8.6045198441 1.0000000000  ]
    ObjectInstance "Hoja_B01"
AttributeEnd

AttributeBegin
    Transform [ 0.5301240087 -0.8410649896 -0.1076029986 0.0000000000 -0.8171169758 -0.4728409946 -0.3297609985 0.0000000000 -0.2264710069 -0.2627379894 0.9379119873 0.0000000000 10.4045000076 -10.2004003525 8.5849199295 1.0000000000  ]
    ObjectInstance "Hoja_B01"
AttributeEnd

AttributeBegin
    Transform [ 0.9920700192 -0.1160600036 0.0482285991 0.0000000000 -0.0169942994 -0.5040860176 -0.8634859920 0.0000000000 -0.1245279983 -0.8558200002 0.5020620227 0.0000000000 10.7538003922 -9.7473001480 8.5402402878 1.0000000000  ]
    ObjectInstance "Hoja_B01"
AttributeEnd

AttributeBegin
    Transform [ 0.9810410142 -0.0000001481 0.1938000023 0.0000000000 0.0207870994 -0.9942309856 -0.1052279994 0.0000000000 -0.1926819980 -0.1072620004 0.9753810167 0.0000000000 10.7922000885 -9.6908502579 8.5537900925 1.0000000000  ]
    ObjectInstance "Hoja_B01"
AttributeEnd

AttributeBegin
    Transform [ -0.3329850137 -0.8204609752 -0.4647189975 0.0000000000 -0.9301229715 0.3667599857 0.0189472008 0.0000000000 -0.1548949927 -0.4385550022 0.8852559924 0.0000000000 10.6802997589 -9.6010198593 8.5895595551 1.0000000000  ]
    ObjectInstance "Hoja_B01"
AttributeEnd

AttributeBegin
    Transform [ 0.9209539890 0.1154630035 -0.3721719980 0.0000000000 -0.0157328993 -0.9432950020 -0.3315809965 0.0000000000 0.3893539906 -0.3112269938 0.8669149876 0.0000000000 10.7454004288 -9.6796798706 8.6159400940 1.0000000000  ]
    ObjectInstance "Hoja_B01"
AttributeEnd

AttributeBegin
    Transform [ -0.9800429940 0.0336056016 0.1959230006 0.0000000000 0.0619135983 0.9881849885 0.1402059942 0.0000000000 0.1888960004 -0.1495379955 0.9705449939 0.0000000000 10.8162002563 -9.5330295563 8.6467103958 1.0000000000  ]
    ObjectInstance "Hoja_B01"
AttributeEnd

AttributeBegin
    Transform [ 0.9576619864 -0.0000001446 -0.2878949940 0.0000000000 -0.1525290012 -0.8481190205 -0.5073750019 0.0000000000 0.2441699952 -0.5298060179 0.8122109771 0.0000000000 10.7792997360 -9.6450195312 8.6711902618 1.0000000000  ]
    ObjectInstance "Hoja_B01"
AttributeEnd

AttributeBegin
    Transform [ 0.4804069996 -0.7984060049 -0.3629840016 0.0000000000 -0.8711940050 -0.4821409881 -0.0925230011 0.0000000000 0.1011380032 -0.3606779873 0.9271900058 0.0000000000 10.7004003525 -9.7011699677 8.6940402985 1.0000000000  ]
    ObjectInstance "Hoja_B01"
AttributeEnd

AttributeBegin
    Transform [ 0.7350819707 0.4194529951 0.5326480269 0.0000000000 0.6513540149 -0.6549249887 -0.3831590116 0.0000000000 -0.1881269962 -0.6285949945 0.7546359897 0.0000000000 10.8639001846 -9.6926698685 8.7056798935 1.0000000000  ]
    ObjectInstance "Hoja_B01"
AttributeEnd

AttributeBegin
    Transform [ -0.9094449878 -0.1212320030 0.3977589905 0.0000000000 0.0031321000 0.9545320272 0.2980909944 0.0000000000 0.4158119857 -0.2723439932 0.8677150011 0.0000000000 10.7828998566 -9.5313396454 8.7600898743 1.0000000000  ]
    ObjectInstance "Hoja_B01"
AttributeEnd

AttributeBegin
    Transform [ 0.8511360288 -0.5192630291 -0.0770258978 0.0000000000 -0.4640080035 -0.6755740047 -0.5729719996 0.0000000000 -0.2454860061 -0.5234180093 0.8159480095 0.0000000000 10.7784996033 -9.7112703323 8.7488203049 1.0000000000  ]
    ObjectInstance "Hoja_B01"
AttributeEnd

AttributeBegin
    Transform [ 0.3937779963 0.8698629737 0.2971160114 0.0000000000 0.8604490161 -0.4625299871 0.2137610018 0.0000000000 -0.3233680129 -0.1714780033 0.9306060076 0.0000000000 10.8711004257 -9.6920995712 8.7665100098 1.0000000000  ]
    ObjectInstance "Hoja_B01"
AttributeEnd

AttributeBegin
    Transform [ 0.5577920079 0.7781289816 0.2887609899 0.0000000000 0.7280679941 -0.2916969955 -0.6203470230 0.0000000000 0.3984790146 -0.5562620163 0.7292370200 0.0000000000 10.8992996216 -9.6287899017 8.7559499741 1.0000000000  ]
    ObjectInstance "Hoja_B01"
AttributeEnd

AttributeBegin
    Transform [ -0.8572800159 -0.5107370019 0.0649467036 0.0000000000 -0.5133280158 0.8576110005 -0.0315998010 0.0000000000 0.0395598002 0.0604287982 0.9973880053 0.0000000000 10.3451004028 -9.6116399765 8.5263299942 1.0000000000  ]
    ObjectInstance "Hoja_B01"
AttributeEnd

AttributeBegin
    Transform [ 0.7153900266 -0.6984400153 -0.0199953001 0.0000000000 -0.6802099943 -0.6896029711 -0.2485219985 0.0000000000 -0.1597879976 -0.1913910061 0.9684200287 0.0000000000 10.3534002304 -9.6925201416 8.5868101120 1.0000000000  ]
    ObjectInstance "Hoja_B01"
AttributeEnd

AttributeBegin
    Transform [ 0.9761120081 -0.0000001474 -0.2172680050 0.0000000000 -0.0828509033 -0.9244390130 -0.3722200096 0.0000000000 0.2008509934 -0.3813290000 0.9023560286 0.0000000000 10.4183998108 -9.5890903473 8.6131601334 1.0000000000  ]
    ObjectInstance "Hoja_B01"
AttributeEnd

AttributeBegin
    Transform [ 0.0133638997 -0.6645020247 -0.7471669912 0.0000000000 -0.8741890192 0.3549759984 -0.3313379884 0.0000000000 -0.4854019880 -0.6575930119 0.5761560202 0.0000000000 10.2989997864 -9.6085700989 8.5198097229 1.0000000000  ]
    ObjectInstance "Hoja_B01"
AttributeEnd

AttributeBegin
    Transform [ 0.9279860258 0.2775200009 -0.2486460060 0.0000000000 0.0367794000 -0.7322620153 -0.6800299883 0.0000000000 0.3707950115 -0.6219130158 0.6897349954 0.0000000000 10.3765001297 -9.7455902100 8.5811595917 1.0000000000  ]
    ObjectInstance "Hoja_B01"
AttributeEnd

AttributeBegin
    Transform [ -0.6229860187 -0.7809200287 0.0453040004 0.0000000000 -0.6757879853 0.5664759874 0.4716100097 0.0000000000 0.3939529955 -0.2631900012 0.8806430101 0.0000000000 10.3013000488 -9.6524801254 8.5988101959 1.0000000000  ]
    ObjectInstance "Hoja_B01"
AttributeEnd

AttributeBegin
    Transform [ -0.7295719981 0.3385460079 0.5942320228 0.0000000000 0.5795549750 0.7673559785 0.2743729949 0.0000000000 0.3630990088 -0.5445650220 0.7560480237 0.0000000000 10.3846998215 -9.5527296066 8.6105499268 1.0000000000  ]
    ObjectInstance "Hoja_B01"
AttributeEnd

AttributeBegin
    Transform [ 0.9487770200 -0.0480456986 -0.3122729957 0.0000000000 -0.0927776024 -0.9871630073 -0.1300030053 0.0000000000 0.3020179868 -0.1523150057 0.9410549998 0.0000000000 10.2707996368 -9.7150096893 8.6088600159 1.0000000000  ]
    ObjectInstance "Hoja_B01"
AttributeEnd

AttributeBegin
    Transform [ 0.9721080065 -0.1864449978 -0.1422809958 0.0000000000 -0.2298849970 -0.8776460290 -0.4205830097 0.0000000000 0.0464567989 -0.4415610135 0.8960279822 0.0000000000 10.2979001999 -9.7271499634 8.6489496231 1.0000000000  ]
    ObjectInstance "Hoja_B01"
AttributeEnd

AttributeBegin
    Transform [ -0.6278989911 0.6063179970 0.4879769981 0.0000000000 0.7778689861 0.5096169710 0.3677090108 0.0000000000 0.0257328991 -0.6104660034 0.7916240096 0.0000000000 10.3594999313 -9.6260795593 8.6648797989 1.0000000000  ]
    ObjectInstance "Hoja_B01"
AttributeEnd

AttributeBegin
    Transform [ -0.1969729960 -0.6843439937 -0.7020499706 0.0000000000 -0.8021820188 0.5241829753 -0.2858960032 0.0000000000 -0.5636540055 -0.5068579912 0.6522179842 0.0000000000 10.2178001404 -9.5858297348 8.6137599945 1.0000000000  ]
    ObjectInstance "Hoja_B01"
AttributeEnd

AttributeBegin
    Transform [ -0.3915129900 -0.8720420003 -0.2937009931 0.0000000000 -0.8583009839 0.4611499906 -0.2250780016 0.0000000000 -0.3317170143 -0.1639630049 0.9290210009 0.0000000000 10.1843004227 -9.6359901428 8.6391696930 1.0000000000  ]
    ObjectInstance "Hoja_B01"
AttributeEnd

AttributeBegin
    Transform [ 0.1255200058 -0.9354659915 -0.3303749859 0.0000000000 -0.9897549748 -0.0952384025 -0.1063690037 0.0000000000 -0.0680406019 -0.3403419852 0.9378370047 0.0000000000 10.1928997040 -9.6427202225 8.7256002426 1.0000000000  ]
    ObjectInstance "Hoja_B01"
AttributeEnd

AttributeBegin
    Transform [ 0.8410050273 0.4513910115 0.2982540131 0.0000000000 0.5261120200 -0.5537800193 -0.6453940272 0.0000000000 0.1261579990 -0.6996949911 0.7032150030 0.0000000000 10.2924995422 -9.6885700226 8.7304096222 1.0000000000  ]
    ObjectInstance "Hoja_B01"
AttributeEnd

AttributeBegin
    Transform [ -0.9364380240 -0.2842690051 0.2056079954 0.0000000000 -0.3116010129 0.9432139993 -0.1151140034 0.0000000000 0.1612090021 0.1718650013 0.9718409777 0.0000000000 10.1777000427 -9.5388097763 8.6480703354 1.0000000000  ]
    ObjectInstance "Hoja_B01"
AttributeEnd

AttributeBegin
    Transform [ -0.0107493997 0.9054229856 0.4243760109 0.0000000000 0.9963989854 0.0453970991 -0.0716179982 0.0000000000 0.0841099992 -0.4220770001 0.9026499987 0.0000000000 10.2214002609 -9.5705204010 8.7727603912 1.0000000000  ]
    ObjectInstance "Hoja_B01"
AttributeEnd

AttributeBegin
    Transform [ -0.4959140122 -0.7963470221 -0.3462660015 0.0000000000 -0.8389149904 0.3363800049 0.4278660119 0.0000000000 0.2242529988 -0.5026729703 0.8348839879 0.0000000000 10.0565004349 -9.5784597397 8.7158899307 1.0000000000  ]
    ObjectInstance "Hoja_B01"
AttributeEnd

AttributeBegin
    Transform [ 0.0207288004 0.9080100060 0.4184350073 0.0000000000 0.9247059822 -0.1765349954 0.3372749984 0.0000000000 -0.3801180124 -0.3799380064 0.8433020115 0.0000000000 10.1627998352 -9.6047601700 8.7904901505 1.0000000000  ]
    ObjectInstance "Hoja_B01"
AttributeEnd

AttributeBegin
    Transform [ 0.0766791999 -0.7183309793 -0.6914629936 0.0000000000 -0.9698719978 0.1070989966 -0.2188130021 0.0000000000 -0.2312349975 -0.6874089837 0.6884760261 0.0000000000 10.0099000931 -9.5305404663 8.7732200623 1.0000000000  ]
    ObjectInstance "Hoja_B01"
AttributeEnd

AttributeBegin
    Transform [ -0.4442160130 0.6781659722 0.5854589939 0.0000000000 0.7795900106 0.6146060228 -0.1204150021 0.0000000000 0.4414879978 -0.4029279947 0.8017089963 0.0000000000 10.1070003510 -9.4913902283 8.8229999542 1.0000000000  ]
    ObjectInstance "Hoja_B01"
AttributeEnd

AttributeBegin
    Transform [ -0.7649689913 -0.5791230202 -0.2818480134 0.0000000000 -0.6372010112 0.7442290187 0.2002460063 0.0000000000 -0.0937926024 -0.3327760100 0.9383299947 0.0000000000 10.0151996613 -9.4788703918 8.8323802948 1.0000000000  ]
    ObjectInstance "Hoja_B01"
AttributeEnd

AttributeBegin
    Transform [ -0.8791880012 0.4070659876 0.2476390004 0.0000000000 0.4151020050 0.9095249772 -0.0213363003 0.0000000000 0.2339189947 -0.0840366036 0.9686170220 0.0000000000 10.0173997879 -9.4507503510 8.8113498688 1.0000000000  ]
    ObjectInstance "Hoja_B01"
AttributeEnd

AttributeBegin
    Transform [ 0.0606946982 -0.8348799944 -0.5470749736 0.0000000000 -0.9504669905 -0.2157289982 0.2237710059 0.0000000000 0.3048419952 -0.5063949823 0.8066189885 0.0000000000 9.9369201660 -9.5193300247 8.8695898056 1.0000000000  ]
    ObjectInstance "Hoja_B01"
AttributeEnd

AttributeBegin
    Transform [ 0.1074070036 -0.8690559864 -0.4829129875 0.0000000000 -0.9897360206 -0.1395149976 0.0309407003 0.0000000000 0.0942628980 -0.4746330082 0.8751220107 0.0000000000 9.9014501572 -9.5511903763 8.8270101547 1.0000000000  ]
    ObjectInstance "Hoja_B01"
AttributeEnd

AttributeBegin
    Transform [ -0.7178840041 -0.5568529963 -0.4178009927 0.0000000000 -0.6952490211 0.5427359939 0.4712400138 0.0000000000 0.0356562994 -0.6287710071 0.7767720222 0.0000000000 9.8416099548 -9.4494304657 8.8903703690 1.0000000000  ]
    ObjectInstance "Hoja_B01"
AttributeEnd

AttributeBegin
    Transform [ 0.4365139902 -0.8480449915 -0.3004580140 0.0000000000 -0.8320440054 -0.2534640133 -0.4934149981 0.0000000000 -0.3422830105 -0.4653770030 0.8162519932 0.0000000000 9.8317604065 -9.5317897797 8.8871002197 1.0000000000  ]
    ObjectInstance "Hoja_B01"
AttributeEnd

AttributeBegin
    Transform [ 0.1036150008 -0.9301519990 -0.3522529900 0.0000000000 -0.8768190145 0.0817627981 -0.4738180041 0.0000000000 -0.4695230126 -0.3579570055 0.8071029782 0.0000000000 10.4565000534 -9.8802299500 8.7331399918 1.0000000000  ]
    ObjectInstance "Hoja_B01"
AttributeEnd

AttributeBegin
    Transform [ 0.9690870047 -0.0000001463 -0.2467200011 0.0000000000 -0.1096900031 -0.8957319856 -0.4308499992 0.0000000000 0.2209949940 -0.4445939958 0.8680419922 0.0000000000 10.6096000671 -9.8523397446 8.7897996902 1.0000000000  ]
    ObjectInstance "Hoja_B01"
AttributeEnd

AttributeBegin
    Transform [ 0.9262610078 0.1348599941 -0.3519270122 0.0000000000 -0.1802410036 -0.6615650058 -0.7279040217 0.0000000000 0.3309879899 -0.7376610041 0.5884749889 0.0000000000 10.5731000900 -9.9548301697 8.7831497192 1.0000000000  ]
    ObjectInstance "Hoja_B01"
AttributeEnd

AttributeBegin
    Transform [ 0.6729900241 0.6756250262 0.3010239899 0.0000000000 0.7385190129 -0.6363090277 -0.2229360044 0.0000000000 -0.0409232005 -0.3723450005 0.9271919727 0.0000000000 10.5199003220 -9.9404096603 8.7987298965 1.0000000000  ]
    ObjectInstance "Hoja_B01"
AttributeEnd

AttributeBegin
    Transform [ 0.4781149924 -0.7859950066 -0.3919410110 0.0000000000 -0.8677880168 -0.3539240062 -0.3488279879 0.0000000000 -0.1354600042 -0.5069010258 0.8512939811 0.0000000000 10.4561996460 -9.9822797775 8.7794399261 1.0000000000  ]
    ObjectInstance "Hoja_B01"
AttributeEnd

AttributeBegin
    Transform [ -0.5668960214 0.7623829842 0.3120900095 0.0000000000 0.7049070001 0.6449779868 -0.2951419950 0.0000000000 0.4263019860 -0.0526793003 0.9030460119 0.0000000000 10.5451002121 -9.8960103989 8.8648300171 1.0000000000  ]
    ObjectInstance "Hoja_B01"
AttributeEnd

AttributeBegin
    Transform [ 0.0903939977 0.9535440207 0.2873730063 0.0000000000 0.9536250234 0.0003107040 -0.3009960055 0.0000000000 0.2871020138 -0.3012549877 0.9092950225 0.0000000000 10.5124998093 -9.9785099030 8.8261203766 1.0000000000  ]
    ObjectInstance "Hoja_B01"
AttributeEnd

AttributeBegin
    Transform [ 0.0233661998 -0.9528390169 -0.3025760055 0.0000000000 -0.9924600124 -0.0585351996 0.1076909974 0.0000000000 0.1203230023 -0.2977780104 0.9470220208 0.0000000000 10.3821001053 -9.9882898331 8.8254299164 1.0000000000  ]
    ObjectInstance "Hoja_B01"
AttributeEnd

AttributeBegin
    Transform [ -0.1431470066 0.7710210085 0.6205120087 0.0000000000 0.9231619835 0.3300279975 -0.1971130073 0.0000000000 0.3567650020 -0.5446169972 0.7590199709 0.0000000000 10.5516004562 -9.9879302979 8.9260997772 1.0000000000  ]
    ObjectInstance "Hoja_B01"
AttributeEnd

AttributeBegin
    Transform [ 0.2844200134 0.8267199993 0.4854269922 0.0000000000 0.9332110286 -0.3547239900 0.0573371015 0.0000000000 -0.2195940018 -0.4366979897 0.8723949790 0.0000000000 10.4836997986 -10.0528001785 8.9584398270 1.0000000000  ]
    ObjectInstance "Hoja_B01"
AttributeEnd

AttributeBegin
    Transform [ -0.2049070001 -0.6890040040 -0.6951879859 0.0000000000 -0.9309849739 0.3564380109 -0.0788599029 0.0000000000 -0.3021259904 -0.6310510039 0.7144889832 0.0000000000 10.3520002365 -10.0825004578 9.0597896576 1.0000000000  ]
    ObjectInstance "Hoja_B01"
AttributeEnd

AttributeBegin
    Transform [ -0.3958489895 -0.7021399736 -0.5918639898 0.0000000000 -0.8843910098 0.4650470018 0.0398010984 0.0000000000 -0.2472990006 -0.5391939878 0.8050550222 0.0000000000 10.3802003860 -10.0562000275 9.0725402832 1.0000000000  ]
    ObjectInstance "Hoja_B01"
AttributeEnd

AttributeBegin
    Transform [ -0.9113820195 -0.2287140042 -0.3421590030 0.0000000000 -0.3831340075 0.7751110196 0.5024060011 0.0000000000 -0.1503040045 -0.5889760256 0.7940509915 0.0000000000 10.5039997101 -9.4855699539 8.8322095871 1.0000000000  ]
    ObjectInstance "Hoja_B01"
AttributeEnd

AttributeBegin
    Transform [ -0.8212339878 0.3400940001 0.4581600130 0.0000000000 0.4577769935 0.8720250130 0.1732400060 0.0000000000 0.3406090140 -0.3520050049 0.8718240261 0.0000000000 10.5373001099 -9.4336204529 8.7834901810 1.0000000000  ]
    ObjectInstance "Hoja_B01"
AttributeEnd

AttributeBegin
    Transform [ 0.8266739845 -0.4496580064 -0.3382579982 0.0000000000 -0.5620700121 -0.6879220009 -0.4591740072 0.0000000000 0.0262234993 -0.5697110295 0.8214259744 0.0000000000 10.4365997314 -9.5675201416 8.8403701782 1.0000000000  ]
    ObjectInstance "Hoja_B01"
AttributeEnd

AttributeBegin
    Transform [ 0.8793650270 -0.0000001328 0.4761489928 0.0000000000 0.3206239939 -0.7393059731 -0.5921369791 0.0000000000 -0.3520199955 -0.6733689904 0.6501200199 0.0000000000 10.5662002563 -9.5022096634 8.9010896683 1.0000000000  ]
    ObjectInstance "Hoja_B01"
AttributeEnd

AttributeBegin
    Transform [ -0.5754190087 0.8173440099 -0.0290091000 0.0000000000 0.8074809909 0.5621280074 -0.1788489968 0.0000000000 0.1298750043 0.1263380051 0.9834489822 0.0000000000 10.5839996338 -9.4132299423 8.8912296295 1.0000000000  ]
    ObjectInstance "Hoja_B01"
AttributeEnd

AttributeBegin
    Transform [ -0.6784480214 -0.4937289953 -0.5440030098 0.0000000000 -0.3753400147 0.8695089817 -0.3210510015 0.0000000000 -0.6315280199 0.0136299999 0.7752329707 0.0000000000 10.4158000946 -9.3690595627 8.8590002060 1.0000000000  ]
    ObjectInstance "Hoja_B01"
AttributeEnd

AttributeBegin
    Transform [ -0.7808499932 -0.3357740045 -0.5268099904 0.0000000000 -0.3865729868 0.9221410155 -0.0147594996 0.0000000000 -0.4907490015 -0.1921260059 0.8498550057 0.0000000000 10.4828996658 -9.3281698227 8.9290800095 1.0000000000  ]
    ObjectInstance "Hoja_B01"
AttributeEnd

AttributeBegin
    Transform [ -0.1291909963 -0.9473379850 -0.2930200100 0.0000000000 -0.9721940160 0.1792069972 -0.1507409960 0.0000000000 -0.1953140050 -0.2653979957 0.9441490173 0.0000000000 10.3607997894 -9.3867902756 8.9570102692 1.0000000000  ]
    ObjectInstance "Hoja_B01"
AttributeEnd

AttributeBegin
    Transform [ 0.8754060268 -0.0000001322 0.4833880067 0.0000000000 0.2980040014 -0.7873619795 -0.5396800041 0.0000000000 -0.3806009889 -0.6164910197 0.6892619729 0.0000000000 10.4509000778 -9.3377199173 8.9849100113 1.0000000000  ]
    ObjectInstance "Hoja_B01"
AttributeEnd

AttributeBegin
    Transform [ 0.1284410059 -0.9011139870 -0.4141219854 0.0000000000 -0.8980309963 -0.2828519940 0.3369489908 0.0000000000 0.4207650125 -0.3286159933 0.8455579877 0.0000000000 10.3964996338 -9.3365201950 9.0205898285 1.0000000000  ]
    ObjectInstance "Hoja_B01"
AttributeEnd

AttributeBegin
    Transform [ 0.7836729884 -0.4906499982 -0.3809440136 0.0000000000 -0.6186140180 -0.6720679998 -0.4069910049 0.0000000000 0.0563302003 -0.5546050072 0.8302050233 0.0000000000 10.3935003281 -9.4257698059 9.0641098022 1.0000000000  ]
    ObjectInstance "Hoja_B01"
AttributeEnd

AttributeBegin
    Transform [ -0.6641870141 0.7123079896 0.2268760055 0.0000000000 0.6865609884 0.4611369967 0.5621259809 0.0000000000 -0.2957859933 -0.5291209817 0.7953249812 0.0000000000 10.4788999557 -9.3393602371 9.0840797424 1.0000000000  ]
    ObjectInstance "Hoja_B01"
AttributeEnd

AttributeBegin
    Transform [ 0.9305210114 -0.0000001405 -0.3662390113 0.0000000000 -0.1835000068 -0.8654260039 -0.4662260115 0.0000000000 0.3169530034 -0.5010370016 0.8052960038 0.0000000000 10.4846000671 -9.2338399887 9.0907096863 1.0000000000  ]
    ObjectInstance "Hoja_B01"
AttributeEnd

AttributeBegin
    Transform [ -0.9662879705 -0.2295150012 0.1166649982 0.0000000000 -0.2357569933 0.9708740115 -0.0426759012 0.0000000000 0.1034730002 0.0687415972 0.9922540188 0.0000000000 10.3857002258 -9.2140798569 9.0688695908 1.0000000000  ]
    ObjectInstance "Hoja_B01"
AttributeEnd

AttributeBegin
    Transform [ 0.0174253006 -0.9007999897 -0.4338850081 0.0000000000 -0.6757199764 0.3092400134 -0.6691579819 0.0000000000 -0.7369520068 -0.3048450053 0.6032999754 0.0000000000 10.3324003220 -9.2581300735 9.0699996948 1.0000000000  ]
    ObjectInstance "Hoja_B01"
AttributeEnd

AttributeBegin
    Transform [ -0.3161529899 0.9244589806 0.2131280005 0.0000000000 0.9373310208 0.3390649855 -0.0802858993 0.0000000000 0.1464850008 -0.1743890047 0.9737200141 0.0000000000 10.5012998581 -9.2567501068 9.1274995804 1.0000000000  ]
    ObjectInstance "Hoja_B01"
AttributeEnd

AttributeBegin
    Transform [ -0.9827100039 -0.1224009991 -0.1389209926 0.0000000000 -0.1817200035 0.7813990116 0.5969859958 0.0000000000 -0.0354804993 -0.6119089723 0.7901319861 0.0000000000 10.4322996140 -9.2118501663 9.1503295898 1.0000000000  ]
    ObjectInstance "Hoja_B01"
AttributeEnd

AttributeBegin
    Transform [ -0.9670609832 0.2056200057 -0.1500429958 0.0000000000 0.0957024023 0.8399189711 0.5342069864 0.0000000000 -0.2358669937 -0.5022510290 0.8319320083 0.0000000000 10.4538002014 -9.1402301788 9.1282997131 1.0000000000  ]
    ObjectInstance "Hoja_B01"
AttributeEnd

AttributeBegin
    Transform [ 0.0944311991 -0.9954389930 0.0135955997 0.0000000000 -0.7542480230 -0.0804511011 -0.6516420245 0.0000000000 -0.6497629881 -0.0512809008 0.7584050298 0.0000000000 10.2891998291 -9.1097402573 9.1877403259 1.0000000000  ]
    ObjectInstance "Hoja_B01"
AttributeEnd

AttributeBegin
    Transform [ -0.9639210105 0.0192469005 -0.2654919922 0.0000000000 -0.0421763994 0.9737399817 0.2237209976 0.0000000000 -0.2628259957 -0.2268469930 0.9377970099 0.0000000000 10.3495998383 -9.0336198807 9.2041501999 1.0000000000  ]
    ObjectInstance "Hoja_B01"
AttributeEnd

AttributeBegin
    Transform [ 0.1184960008 -0.8875769973 -0.4451580048 0.0000000000 -0.9144790173 0.0771318972 -0.3972139955 0.0000000000 -0.3868939877 -0.4541560113 0.8025310040 0.0000000000 10.3145999908 -9.1153602600 9.2175798416 1.0000000000  ]
    ObjectInstance "Hoja_B01"
AttributeEnd

AttributeBegin
    Transform [ -0.7804129720 0.5431320071 0.3097789884 0.0000000000 0.6201969981 0.7353529930 0.2731510103 0.0000000000 0.0794399977 -0.4052950144 0.9107279778 0.0000000000 10.4148998260 -9.0588598251 9.2375402451 1.0000000000  ]
    ObjectInstance "Hoja_B01"
AttributeEnd

AttributeBegin
    Transform [ -0.5224900246 -0.7364709973 -0.4296689928 0.0000000000 -0.5947329998 0.6758850217 -0.4352830052 0.0000000000 -0.6109799743 -0.0281073004 0.7911469936 0.0000000000 10.1452999115 -9.5401496887 8.7745504379 1.0000000000  ]
    ObjectInstance "Hoja_B01"
AttributeEnd

AttributeBegin
    Transform [ 0.2797870040 -0.7891839743 -0.5467249751 0.0000000000 -0.9315879941 -0.3608300090 0.0441077985 0.0000000000 0.2320840061 -0.4969820082 0.8361499906 0.0000000000 10.1286001205 -9.6102695465 8.7970304489 1.0000000000  ]
    ObjectInstance "Hoja_B01"
AttributeEnd

AttributeBegin
    Transform [ 0.5286070108 -0.7179139853 -0.4529609978 0.0000000000 -0.8345689774 -0.3420070112 -0.4318859875 0.0000000000 -0.1551409960 -0.6063249707 0.7799370289 0.0000000000 10.1190996170 -9.6070804596 8.8369102478 1.0000000000  ]
    ObjectInstance "Hoja_B01"
AttributeEnd

AttributeBegin
    Transform [ 0.8874329925 -0.0000001340 0.4609360099 0.0000000000 0.0320980996 -0.9975720048 -0.0617983006 0.0000000000 -0.4598169923 -0.0696370006 0.8852789998 0.0000000000 10.2256002426 -9.5688695908 8.8685398102 1.0000000000  ]
    ObjectInstance "Hoja_B01"
AttributeEnd

AttributeBegin
    Transform [ -0.0808217973 -0.9563080072 -0.2809669971 0.0000000000 -0.9909070134 0.1075149998 -0.0808997974 0.0000000000 -0.1075730026 -0.2718740106 0.9563019872 0.0000000000 10.0771999359 -9.4824399948 8.8367300034 1.0000000000  ]
    ObjectInstance "Hoja_B01"
AttributeEnd

AttributeBegin
    Transform [ -0.0723690987 -0.9904279709 -0.1175400019 0.0000000000 -0.7832300067 0.1293990016 -0.6081169844 0.0000000000 -0.6175060272 -0.0480521992 0.7850970030 0.0000000000 10.0538997650 -9.5474300385 8.8049097061 1.0000000000  ]
    ObjectInstance "Hoja_B01"
AttributeEnd

AttributeBegin
    Transform [ -0.9668300152 0.2069630027 0.1496870071 0.0000000000 0.2498690039 0.8879079819 0.3862459958 0.0000000000 0.0529697016 -0.4108360112 0.9101690054 0.0000000000 10.1176996231 -9.4254999161 8.8665504456 1.0000000000  ]
    ObjectInstance "Hoja_B01"
AttributeEnd

AttributeBegin
    Transform [ 0.1576530039 -0.8053439856 -0.5714589953 0.0000000000 -0.8129879832 0.2226340026 -0.5380370021 0.0000000000 -0.5605319738 -0.5494130254 0.6196370125 0.0000000000 10.0349998474 -9.4758100510 8.8739099503 1.0000000000  ]
    ObjectInstance "Hoja_B01"
AttributeEnd

AttributeBegin
    Transform [ -0.9066450000 0.4173859954 -0.0615121983 0.0000000000 0.4213770032 0.9030749798 -0.0830539986 0.0000000000 -0.0208845995 0.1012199968 0.9946449995 0.0000000000 10.1056995392 -9.4081802368 8.8039598465 1.0000000000  ]
    ObjectInstance "Hoja_B01"
AttributeEnd

AttributeBegin
    Transform [ -0.4681450129 -0.7094740272 -0.5267689824 0.0000000000 -0.7211670280 0.6512449980 -0.2362149954 0.0000000000 -0.5106440187 -0.2693060040 0.8165270090 0.0000000000 10.0244998932 -9.4204101562 8.8103303909 1.0000000000  ]
    ObjectInstance "Hoja_B01"
AttributeEnd

AttributeBegin
    Transform [ 0.8478770256 0.0767142028 0.5246139765 0.0000000000 0.4027000070 -0.7368029952 -0.5430979729 0.0000000000 -0.3448739946 -0.6717420220 0.6556109786 0.0000000000 10.0590000153 -9.5726699829 8.8671102524 1.0000000000  ]
    ObjectInstance "Hoja_B01"
AttributeEnd

AttributeBegin
    Transform [ -0.1081530005 0.9579319954 0.2658379972 0.0000000000 0.9598529935 0.0310030002 0.2787869871 0.0000000000 -0.2588169873 -0.2853170037 0.9228259921 0.0000000000 10.1318998337 -9.4336099625 8.8733701706 1.0000000000  ]
    ObjectInstance "Hoja_B01"
AttributeEnd

AttributeBegin
    Transform [ -0.9721480012 -0.1901489943 0.1370110065 0.0000000000 -0.2092619985 0.9674819708 -0.1420850009 0.0000000000 0.1055380031 0.1667989939 0.9803259969 0.0000000000 10.0558996201 -9.3677997589 8.8692302704 1.0000000000  ]
    ObjectInstance "Hoja_B01"
AttributeEnd

AttributeBegin
    Transform [ -0.2796080112 -0.6450030208 -0.7111899853 0.0000000000 -0.8198729753 0.5458679795 -0.1727299988 0.0000000000 -0.4996269941 -0.5347890258 0.6814489961 0.0000000000 9.9427099228 -9.4287500381 8.8138303757 1.0000000000  ]
    ObjectInstance "Hoja_B01"
AttributeEnd

AttributeBegin
    Transform [ 0.3374820054 -0.7841879725 -0.5207260251 0.0000000000 -0.9412490129 -0.2737750113 -0.1977310032 0.0000000000 -0.0124963997 -0.5568640232 0.8305100203 0.0000000000 9.9328002930 -9.4648504257 8.8554201126 1.0000000000  ]
    ObjectInstance "Hoja_B01"
AttributeEnd

AttributeBegin
    Transform [ -0.5144889951 -0.7340859771 -0.4431920052 0.0000000000 -0.8560850024 0.4693639874 0.2163680047 0.0000000000 -0.0491852984 -0.4907290041 0.8699229956 0.0000000000 9.9716300964 -9.4326601028 8.8942098618 1.0000000000  ]
    ObjectInstance "Hoja_B01"
AttributeEnd

AttributeBegin
    Transform [ -0.1124700010 -0.7202450037 -0.6845420003 0.0000000000 -0.9435669780 0.2933810055 -0.1536539942 0.0000000000 -0.3115000129 -0.6286299825 0.7125959992 0.0000000000 9.9472999573 -9.3689203262 8.8861703873 1.0000000000  ]
    ObjectInstance "Hoja_B01"
AttributeEnd

AttributeBegin
    Transform [ 0.9498810172 -0.0000001434 -0.3126100004 0.0000000000 -0.1423970014 -0.8902310133 -0.4326800108 0.0000000000 0.2782950103 -0.4555090070 0.8456140161 0.0000000000 10.0082998276 -9.4250402451 8.9347696304 1.0000000000  ]
    ObjectInstance "Hoja_B01"
AttributeEnd

AttributeBegin
    Transform [ -0.4686110020 -0.6822800040 -0.5611580014 0.0000000000 -0.8723170161 0.2570550144 0.4159150124 0.0000000000 0.1395220011 -0.6844099760 0.7156239748 0.0000000000 9.8595695496 -9.3508596420 8.8732995987 1.0000000000  ]
    ObjectInstance "Hoja_B01"
AttributeEnd

AttributeBegin
    Transform [ -0.9333540201 -0.3229619861 0.1566710025 0.0000000000 -0.1588400006 0.7630010247 0.6265779734 0.0000000000 0.3219009936 -0.5599330068 0.7634490132 0.0000000000 9.8625898361 -9.3272895813 8.9172496796 1.0000000000  ]
    ObjectInstance "Hoja_B01"
AttributeEnd

AttributeBegin
    Transform [ -0.0176986996 -0.8630220294 -0.5048549771 0.0000000000 -0.9721890092 0.1327890009 -0.1929139942 0.0000000000 -0.2335280031 -0.4873999953 0.8413709998 0.0000000000 9.8182296753 -9.3851299286 8.9101800919 1.0000000000  ]
    ObjectInstance "Hoja_B01"
AttributeEnd

AttributeBegin
    Transform [ -0.8275460005 -0.5390779972 0.1567260027 0.0000000000 -0.4220319986 0.7814729810 0.4595539868 0.0000000000 0.3702130020 -0.3141590059 0.8742120266 0.0000000000 9.8636999130 -9.2525300980 8.8953800201 1.0000000000  ]
    ObjectInstance "Hoja_B01"
AttributeEnd

AttributeBegin
    Transform [ -0.4519400001 0.4869920015 0.7473890185 0.0000000000 0.7873700261 0.6115750074 0.0776185989 0.0000000000 0.4192839861 -0.6235510111 0.6598380208 0.0000000000 9.9498100281 -9.2525196075 8.8936796188 1.0000000000  ]
    ObjectInstance "Hoja_B01"
AttributeEnd

AttributeBegin
    Transform [ 0.9354789853 -0.0000001413 0.3533819914 0.0000000000 0.1743330061 -0.8698440194 -0.4614979923 0.0000000000 -0.3073869944 -0.4933269918 0.8137210011 0.0000000000 9.8049402237 -9.2046003342 8.9045896530 1.0000000000  ]
    ObjectInstance "Hoja_B01"
AttributeEnd

AttributeBegin
    Transform [ -0.8167549968 -0.4355359972 0.3784449995 0.0000000000 -0.4633559883 0.8859559894 0.0195997003 0.0000000000 0.3438220024 0.1593459994 0.9254159927 0.0000000000 9.7425899506 -9.1957798004 8.8887500763 1.0000000000  ]
    ObjectInstance "Hoja_B01"
AttributeEnd

AttributeBegin
    Transform [ 0.9303129911 -0.0000001405 -0.3667680025 0.0000000000 -0.2180519998 -0.8040789962 -0.5530909896 0.0000000000 0.2949100137 -0.5945219994 0.7480450273 0.0000000000 9.8241100311 -9.2474899292 8.9289197922 1.0000000000  ]
    ObjectInstance "Hoja_B01"
AttributeEnd

AttributeBegin
    Transform [ -0.7102010250 -0.6982730031 0.0896070972 0.0000000000 -0.6906849742 0.7157400250 0.1033010036 0.0000000000 0.1362670064 -0.0114740003 0.9906060100 0.0000000000 9.7227001190 -9.2348499298 8.9202899933 1.0000000000  ]
    ObjectInstance "Hoja_B01"
AttributeEnd

AttributeBegin
    Transform [ 0.9603850245 -0.0000001450 -0.2786769867 0.0000000000 -0.1870110035 -0.7413960099 -0.6444829702 0.0000000000 0.2066099942 -0.6710669994 0.7120260000 0.0000000000 10.3900995255 -9.6467504501 9.1514501572 1.0000000000  ]
    ObjectInstance "Hoja_B01"
AttributeEnd

AttributeBegin
    Transform [ 0.9133690000 -0.0000001379 0.4071319997 0.0000000000 0.2023759931 -0.8677049875 -0.4540170133 0.0000000000 -0.3532699943 -0.4970790148 0.7925360203 0.0000000000 10.3524999619 -9.6860504150 9.2146396637 1.0000000000  ]
    ObjectInstance "Hoja_B01"
AttributeEnd

AttributeBegin
    Transform [ 0.8218190074 0.5656359792 -0.0683370978 0.0000000000 0.4646709859 -0.7348179817 -0.4940879941 0.0000000000 0.3296889961 -0.3742960095 0.8667219877 0.0000000000 10.3879995346 -9.7252597809 9.2079601288 1.0000000000  ]
    ObjectInstance "Hoja_B01"
AttributeEnd

AttributeBegin
    Transform [ -0.1248150021 -0.8362659812 -0.5339289904 0.0000000000 -0.9814820290 0.1828780025 -0.0569957010 0.0000000000 -0.1453080028 -0.5169280171 0.8436059952 0.0000000000 10.2243995667 -9.6429500580 9.2333698273 1.0000000000  ]
    ObjectInstance "Hoja_B01"
AttributeEnd

AttributeBegin
    Transform [ 0.9803130031 -0.0000001480 0.1974489987 0.0000000000 0.0016046599 -0.9999669790 -0.0079677403 0.0000000000 -0.1974419951 -0.0081277201 0.9802809954 0.0000000000 10.3306999207 -9.5996799469 9.2619895935 1.0000000000  ]
    ObjectInstance "Hoja_B01"
AttributeEnd

AttributeBegin
    Transform [ -0.5825409889 0.7169309855 0.3829559982 0.0000000000 0.8111259937 0.5430030227 0.2173050046 0.0000000000 0.0521539003 -0.4372150004 0.8978440166 0.0000000000 10.3755998611 -9.6847496033 9.3176698685 1.0000000000  ]
    ObjectInstance "Hoja_B01"
AttributeEnd

AttributeBegin
    Transform [ -0.0014979501 0.7250589728 0.6886849999 0.0000000000 0.9029570222 0.2969279885 -0.3106470108 0.0000000000 0.4297269881 -0.6213880181 0.6551420093 0.0000000000 10.3985996246 -9.6443099976 9.2875299454 1.0000000000  ]
    ObjectInstance "Hoja_B01"
AttributeEnd

AttributeBegin
    Transform [ -0.9227340221 0.2160969973 -0.3191620111 0.0000000000 0.1866330057 0.9750030041 0.1205720007 0.0000000000 -0.3372389972 -0.0516895987 0.9399989843 0.0000000000 10.3535003662 -9.5859699249 9.3106498718 1.0000000000  ]
    ObjectInstance "Hoja_B01"
AttributeEnd

AttributeBegin
    Transform [ -0.4488250017 0.7860519886 0.4250620008 0.0000000000 0.8177239895 0.5531010032 -0.1593929976 0.0000000000 0.3603940010 -0.2760440111 0.8910200000 0.0000000000 10.3392000198 -9.6491498947 9.3315801620 1.0000000000  ]
    ObjectInstance "Hoja_B01"
AttributeEnd

AttributeBegin
    Transform [ -0.5903279781 0.5413420200 0.5987169743 0.0000000000 0.7355129719 0.6662960052 0.1227630004 0.0000000000 0.3324660063 -0.5128340125 0.7914969921 0.0000000000 10.3909997940 -9.6484098434 9.3903999329 1.0000000000  ]
    ObjectInstance "Hoja_B01"
AttributeEnd

AttributeBegin
    Transform [ 0.8481670022 0.2474479973 0.4683820009 0.0000000000 0.3664470017 -0.9125720263 -0.1814630032 0.0000000000 -0.3825289905 -0.3255479932 0.8646900058 0.0000000000 10.3184003830 -9.7192401886 9.4129695892 1.0000000000  ]
    ObjectInstance "Hoja_B01"
AttributeEnd

AttributeBegin
    Transform [ -0.7801179886 -0.6255599856 0.0095270602 0.0000000000 -0.6255499721 0.7796760201 -0.0281569008 0.0000000000 -0.0101857996 0.0279254001 0.9995579720 0.0000000000 10.2625999451 -9.6808900833 9.4339504242 1.0000000000  ]
    ObjectInstance "Hoja_B01"
AttributeEnd

AttributeBegin
    Transform [ 0.5582349896 -0.4704770148 -0.6833919883 0.0000000000 -0.7560970187 -0.6276029944 -0.1855549961 0.0000000000 0.3416000009 -0.6202939749 0.7060769796 0.0000000000 10.3099002838 -9.7337799072 9.4580297470 1.0000000000  ]
    ObjectInstance "Hoja_B01"
AttributeEnd

AttributeBegin
    Transform [ 0.1499419957 0.9486070275 0.2786799967 0.0000000000 0.9842860103 -0.1698080003 0.0484284982 0.0000000000 -0.0932618976 -0.2670400143 0.9591619968 0.0000000000 10.4141998291 -9.6988601685 9.4480495453 1.0000000000  ]
    ObjectInstance "Hoja_B01"
AttributeEnd

AttributeBegin
    Transform [ 0.9977409840 -0.0000001507 0.0671729967 0.0000000000 0.0294944998 -0.8984450102 -0.4380939901 0.0000000000 -0.0603513010 -0.4390859902 0.8964160085 0.0000000000 10.2812004089 -9.6498298645 9.4570102692 1.0000000000  ]
    ObjectInstance "Hoja_B01"
AttributeEnd

AttributeBegin
    Transform [ 0.4631629884 -0.7821549773 -0.4167909920 0.0000000000 -0.7938119769 -0.1569709927 -0.5875570178 0.0000000000 -0.3941369951 -0.6029880047 0.6935859919 0.0000000000 10.2222995758 -9.7907800674 9.5313196182 1.0000000000  ]
    ObjectInstance "Hoja_B01"
AttributeEnd

AttributeBegin
    Transform [ 0.0480121002 0.8537679911 0.5184350014 0.0000000000 0.9493119717 0.1224189997 -0.2895179987 0.0000000000 0.3106479943 -0.5060560107 0.8046150208 0.0000000000 10.3964004517 -9.7785301208 9.5763397217 1.0000000000  ]
    ObjectInstance "Hoja_B01"
AttributeEnd

AttributeBegin
    Transform [ 0.6713950038 -0.6457949877 -0.3635630012 0.0000000000 -0.7325999737 -0.5042589903 -0.4571880102 0.0000000000 -0.1119199991 -0.5733000040 0.8116660118 0.0000000000 10.2869997025 -9.8281002045 9.5879402161 1.0000000000  ]
    ObjectInstance "Hoja_B01"
AttributeEnd

AttributeBegin
    Transform [ 0.1516190022 -0.9360859990 -0.3174180090 0.0000000000 -0.9445670247 -0.2318270057 0.2324859947 0.0000000000 0.2912119925 -0.2645730078 0.9193450212 0.0000000000 10.2286996841 -9.7761802673 9.5984802246 1.0000000000  ]
    ObjectInstance "Hoja_B01"
AttributeEnd

AttributeBegin
    Transform [ 0.3121989965 0.9271259904 0.2072910070 0.0000000000 0.9252570271 -0.2472459972 -0.2876949906 0.0000000000 0.2154780030 -0.2816160023 0.9350200295 0.0000000000 10.3505001068 -9.7753896713 9.6112203598 1.0000000000  ]
    ObjectInstance "Hoja_B01"
AttributeEnd

AttributeBegin
    Transform [ 0.9262940288 -0.0000001399 0.3768010139 0.0000000000 0.2326519936 -0.7866169810 -0.5719320178 0.0000000000 -0.2963980138 -0.6174409986 0.7286390066 0.0000000000 10.2208003998 -9.8244695663 9.6430702209 1.0000000000  ]
    ObjectInstance "Hoja_B01"
AttributeEnd

AttributeBegin
    Transform [ 0.9470589757 -0.2458740026 -0.2064590007 0.0000000000 -0.3042660058 -0.8925920129 -0.3327189982 0.0000000000 0.1024769992 -0.3779230118 0.9201480150 0.0000000000 10.2662000656 -9.8941497803 9.6318798065 1.0000000000  ]
    ObjectInstance "Hoja_B01"
AttributeEnd

AttributeBegin
    Transform [ 0.6100659966 -0.6043040156 -0.5124790072 0.0000000000 -0.7608169913 -0.6274139881 -0.1658599973 0.0000000000 0.2213069946 -0.4910889864 0.8425289989 0.0000000000 10.2428998947 -9.8599195480 9.7494497299 1.0000000000  ]
    ObjectInstance "Hoja_B01"
AttributeEnd

AttributeBegin
    Transform [ -0.9848570228 0.0809414983 -0.1533119977 0.0000000000 -0.0577834994 0.6805009842 0.7304649949 0.0000000000 -0.1634539962 -0.7282630205 0.6655189991 0.0000000000 10.2732000351 -9.7653198242 9.7388401031 1.0000000000  ]
    ObjectInstance "Hoja_B01"
AttributeEnd

AttributeBegin
    Transform [ -0.0580407009 -0.9395989776 -0.3373219967 0.0000000000 -0.9936439991 0.0217272993 0.1104490012 0.0000000000 0.0964486971 -0.3415879905 0.9348880053 0.0000000000 10.0910997391 -9.4036502838 9.2892303467 1.0000000000  ]
    ObjectInstance "Hoja_B01"
AttributeEnd

AttributeBegin
    Transform [ 0.9053850174 -0.0000001367 -0.4245919883 0.0000000000 -0.0963971019 -0.9738870263 -0.2055539936 0.0000000000 0.4135040045 -0.2270350009 0.8817420006 0.0000000000 10.1459999084 -9.3522596359 9.3386402130 1.0000000000  ]
    ObjectInstance "Hoja_B01"
AttributeEnd

AttributeBegin
    Transform [ -0.9413669705 0.3369239867 -0.0176510997 0.0000000000 0.3351770043 0.9279479980 -0.1629990041 0.0000000000 0.0385387987 0.1593579948 0.9864680171 0.0000000000 10.1744003296 -9.2267398834 9.3330698013 1.0000000000  ]
    ObjectInstance "Hoja_B01"
AttributeEnd

AttributeBegin
    Transform [ -0.8903589845 -0.3756360114 -0.2572149932 0.0000000000 -0.4499180019 0.8123130202 0.3711079955 0.0000000000 -0.0695374012 -0.4461449981 0.8922550082 0.0000000000 10.0549001694 -9.1635704041 9.3630800247 1.0000000000  ]
    ObjectInstance "Hoja_B01"
AttributeEnd

AttributeBegin
