
#############################################


AttributeBegin
    ObjectBegin "Hoja_C01"

    AttributeBegin
        Transform [ 1.0000000000 0.0000000000 0.0000000000 0.0000000000 0.0000000000 1.0000000000 0.0000000000 0.0000000000 0.0000000000 0.0000000000 1.0000000000 0.0000000000 0.0000000000 0.0000000000 0.0000000000 1.0000000000  ]
        NamedMaterial "Leave A_c"
        Shape "plymesh" "string filename" "geometry/hojas_b3_00001.ply" 
                "texture alpha" "Leave A_c_Alpha" 
    AttributeEnd
AttributeEnd
ObjectEnd

AttributeBegin
    Transform [ 0.9899010062 0.1354050040 -0.0419746004 0.0000000000 0.1079529971 -0.9119319916 -0.3958860040 0.0000000000 0.0918828994 -0.3873569965 0.9173399806 0.0000000000 16.8432998657 -6.8751997948 6.4700098038 1.0000000000  ]
    ObjectInstance "Hoja_C01"
AttributeEnd

AttributeBegin
    Transform [ -0.1240539998 0.9675130248 -0.2202949971 0.0000000000 0.8713430166 0.0000002608 -0.4906750023 0.0000000000 0.4747340083 0.2528220117 0.8430349827 0.0000000000 16.7754993439 -6.9782099724 6.5120201111 1.0000000000  ]
    ObjectInstance "Hoja_C01"
AttributeEnd

AttributeBegin
    Transform [ 0.4023739994 -0.8907120228 0.2114879936 0.0000000000 -0.6652510166 -0.4431880116 -0.6008539796 0.0000000000 -0.6289169788 -0.1010750011 0.7708740234 0.0000000000 16.7285003662 -6.8172998428 6.5446300507 1.0000000000  ]
    ObjectInstance "Hoja_C01"
AttributeEnd

AttributeBegin
    Transform [ 0.5697839856 -0.7774159908 0.2664020061 0.0000000000 -0.6544719934 -0.6253200173 -0.4250200093 0.0000000000 -0.4970040023 -0.0678168014 0.8650940061 0.0000000000 16.8012008667 -6.7044901848 6.6187701225 1.0000000000  ]
    ObjectInstance "Hoja_C01"
AttributeEnd

AttributeBegin
    Transform [ -0.3080500066 -0.9511749744 0.0192923993 0.0000000000 -0.9164040089 0.2912200093 -0.2745809853 0.0000000000 -0.2555559874 0.1022640020 0.9613699913 0.0000000000 16.6748008728 -6.6955499649 6.6042799950 1.0000000000  ]
    ObjectInstance "Hoja_C01"
AttributeEnd

AttributeBegin
    Transform [ -0.3983870149 0.8998180032 0.1778090000 0.0000000000 0.6238129735 0.4079270065 -0.6666730046 0.0000000000 0.6724169850 0.1546739936 0.7238309979 0.0000000000 16.6128005981 -7.2314701080 6.4739098549 1.0000000000  ]
    ObjectInstance "Hoja_C01"
AttributeEnd

AttributeBegin
    Transform [ -0.7845600247 -0.6023110151 0.1472650021 0.0000000000 -0.6184139848 0.7428439856 -0.2564139962 0.0000000000 -0.0450461991 0.2922419906 0.9552829862 0.0000000000 16.5393009186 -7.1240100861 6.5006399155 1.0000000000  ]
    ObjectInstance "Hoja_C01"
AttributeEnd

AttributeBegin
    Transform [ -0.9172559977 -0.3912129998 -0.0747959018 0.0000000000 -0.1720509976 0.5585380197 -0.8114389777 0.0000000000 -0.3592219949 0.7314289808 0.5796309710 0.0000000000 16.5139007568 -7.0911397934 6.4967498779 1.0000000000  ]
    ObjectInstance "Hoja_C01"
AttributeEnd

AttributeBegin
    Transform [ 0.5332760215 0.7887799740 -0.3056829870 0.0000000000 0.6949849725 -0.6145300269 -0.3732950091 0.0000000000 0.4822990000 0.0133753000 0.8759049773 0.0000000000 16.7077999115 -7.1772799492 6.5830001831 1.0000000000  ]
    ObjectInstance "Hoja_C01"
AttributeEnd

AttributeBegin
    Transform [ -0.5921869874 0.8032010198 -0.0646696985 0.0000000000 0.7351149917 0.5056269765 -0.4516040087 0.0000000000 0.3300299942 0.3149740100 0.8898720145 0.0000000000 16.5631008148 -7.2355399132 6.6217999458 1.0000000000  ]
    ObjectInstance "Hoja_C01"
AttributeEnd

AttributeBegin
    Transform [ -0.7181800008 0.6927880049 -0.0652749985 0.0000000000 0.6958169937 0.7139710188 -0.0779939964 0.0000000000 0.0074288999 0.1014330015 0.9948139787 0.0000000000 16.4932003021 -7.1877799034 6.6544198990 1.0000000000  ]
    ObjectInstance "Hoja_C01"
AttributeEnd

AttributeBegin
    Transform [ -0.5466589928 -0.8249970078 -0.1433320045 0.0000000000 -0.5514349937 0.4835000038 -0.6798139811 0.0000000000 -0.6301450133 0.2925890088 0.7192419767 0.0000000000 16.4417991638 -7.0654897690 6.6396999359 1.0000000000  ]
    ObjectInstance "Hoja_C01"
AttributeEnd

AttributeBegin
    Transform [ -0.0839733034 0.9964600205 -0.0039529698 0.0000000000 0.7670300007 0.0621054992 -0.6385989785 0.0000000000 0.6360920072 0.0566571988 0.7695299983 0.0000000000 16.6177997589 -7.1964302063 6.7128500938 1.0000000000  ]
    ObjectInstance "Hoja_C01"
AttributeEnd

AttributeBegin
    Transform [ 0.7809380293 -0.6025159955 -0.1646499932 0.0000000000 -0.6129429936 -0.6885420084 -0.3875699937 0.0000000000 -0.1201480031 -0.4035890102 0.9070169926 0.0000000000 16.6317005157 -7.0312800407 6.7147898674 1.0000000000  ]
    ObjectInstance "Hoja_C01"
AttributeEnd

AttributeBegin
    Transform [ -0.9837039709 0.1124299988 -0.1403090060 0.0000000000 0.1795130074 0.6579779983 -0.7313269973 0.0000000000 -0.0100971004 0.7445970178 0.6674379706 0.0000000000 16.4680004120 -7.2195801735 6.7029399872 1.0000000000  ]
    ObjectInstance "Hoja_C01"
AttributeEnd

AttributeBegin
    Transform [ 0.6283900142 -0.7652750015 0.1395729929 0.0000000000 -0.6873459816 -0.6302459836 -0.3610349894 0.0000000000 -0.3642559946 -0.1309359968 0.9220479727 0.0000000000 16.5627002716 -7.0653700829 6.8726201057 1.0000000000  ]
    ObjectInstance "Hoja_C01"
AttributeEnd

AttributeBegin
    Transform [ 0.0074472101 0.9903799891 0.1381739974 0.0000000000 0.9985510111 -0.0000001518 -0.0538179986 0.0000000000 0.0533002988 -0.1383749992 0.9889450073 0.0000000000 16.5160999298 -7.2462902069 6.8667302132 1.0000000000  ]
    ObjectInstance "Hoja_C01"
AttributeEnd

AttributeBegin
    Transform [ 0.9730989933 -0.1773979962 -0.1469960064 0.0000000000 -0.2182700038 -0.9140719771 -0.3418039978 0.0000000000 0.0737299025 -0.3646950126 0.9282040000 0.0000000000 16.6625995636 -7.0121998787 6.5186100006 1.0000000000  ]
    ObjectInstance "Hoja_C01"
AttributeEnd

AttributeBegin
    Transform [ 0.8085870147 -0.5883600116 -0.0043554101 0.0000000000 -0.4076159894 -0.5548200011 -0.7252749801 0.0000000000 -0.4243069887 -0.5882239938 0.6884449720 0.0000000000 16.6723003387 -6.9206399918 6.4645199776 1.0000000000  ]
    ObjectInstance "Hoja_C01"
AttributeEnd

AttributeBegin
    Transform [ 0.0040263701 0.9997079968 0.0238460992 0.0000000000 0.9860429764 0.0000000000 -0.1664900035 0.0000000000 0.1664409935 -0.0241835993 0.9857550263 0.0000000000 16.5886993408 -6.9076600075 6.5137801170 1.0000000000  ]
    ObjectInstance "Hoja_C01"
AttributeEnd

AttributeBegin
    Transform [ 0.0965590999 -0.9952819943 0.0095255896 0.0000000000 -0.8671699762 -0.0888200998 -0.4900270104 0.0000000000 -0.4885610044 -0.0390563011 0.8716549873 0.0000000000 16.5856990814 -6.8378801346 6.5401501656 1.0000000000  ]
    ObjectInstance "Hoja_C01"
AttributeEnd

AttributeBegin
    Transform [ 0.9471529722 0.2563839853 -0.1927910000 0.0000000000 0.0178079996 -0.6421009898 -0.7664129734 0.0000000000 0.3202869892 -0.7224779725 0.6127330065 0.0000000000 16.6975002289 -6.8837900162 6.5601501465 1.0000000000  ]
    ObjectInstance "Hoja_C01"
AttributeEnd

AttributeBegin
    Transform [ -0.9062799811 -0.4049539864 -0.1211149991 0.0000000000 -0.3353129923 0.8632640243 -0.3772799969 0.0000000000 -0.2573350072 0.3013100028 0.9181460142 0.0000000000 16.4337005615 -6.9099397659 6.5594701767 1.0000000000  ]
    ObjectInstance "Hoja_C01"
AttributeEnd

AttributeBegin
    Transform [ -0.8790540099 -0.3932769895 0.2694390118 0.0000000000 -0.4756830037 0.7609069943 -0.4413000047 0.0000000000 0.0314648002 0.5160940289 0.8559539914 0.0000000000 16.4608993530 -6.8578701019 6.5506300926 1.0000000000  ]
    ObjectInstance "Hoja_C01"
AttributeEnd

AttributeBegin
    Transform [ -0.4419240057 0.8801400065 -0.1733669937 0.0000000000 0.8852800131 0.3966940045 -0.2427220047 0.0000000000 0.1448549926 0.2607429922 0.9544789791 0.0000000000 16.5562992096 -6.9700899124 6.6001801491 1.0000000000  ]
    ObjectInstance "Hoja_C01"
AttributeEnd

AttributeBegin
    Transform [ 0.8512480259 -0.4928030074 -0.1803369969 0.0000000000 -0.5231050253 -0.7695800066 -0.3662059903 0.0000000000 -0.0416838005 -0.4060679972 0.9128919840 0.0000000000 17.5629005432 -8.2395095825 6.0111598969 1.0000000000  ]
    ObjectInstance "Hoja_C01"
AttributeEnd

AttributeBegin
    Transform [ -0.1283269972 0.9809489846 0.1458459944 0.0000000000 0.7130249739 0.1934739947 -0.6739159822 0.0000000000 0.6892949939 -0.0175106991 0.7242689729 0.0000000000 17.5270996094 -8.4005899429 6.0293898582 1.0000000000  ]
    ObjectInstance "Hoja_C01"
AttributeEnd

AttributeBegin
    Transform [ -0.2648090124 0.9453349710 0.1903100014 0.0000000000 0.7798280120 0.3260279894 -0.5343919992 0.0000000000 0.5672249794 -0.0068974001 0.8235340118 0.0000000000 17.5473003387 -8.4594097137 5.9991397858 1.0000000000  ]
    ObjectInstance "Hoja_C01"
AttributeEnd

AttributeBegin
    Transform [ -0.8555849791 0.4978989959 -0.1416729987 0.0000000000 0.4192210138 0.5058749914 -0.7538859844 0.0000000000 0.3036899865 0.7044060230 0.6415479779 0.0000000000 17.4524002075 -8.4283599854 6.0490198135 1.0000000000  ]
    ObjectInstance "Hoja_C01"
AttributeEnd

AttributeBegin
    Transform [ 0.4919910133 0.8704239726 -0.0175295994 0.0000000000 0.7975839972 -0.4587079883 -0.3917230070 0.0000000000 0.3490059972 -0.1787430048 0.9199159741 0.0000000000 17.6194000244 -8.3826198578 6.1093502045 1.0000000000  ]
    ObjectInstance "Hoja_C01"
AttributeEnd

AttributeBegin
    Transform [ -0.8757839799 -0.4030480087 -0.2656210065 0.0000000000 -0.3563419878 0.9110289812 -0.2074750066 0.0000000000 -0.3256109953 0.0870515034 0.9414880276 0.0000000000 17.4605998993 -8.3315200806 6.1203198433 1.0000000000  ]
    ObjectInstance "Hoja_C01"
AttributeEnd

AttributeBegin
    Transform [ -0.0391765013 0.9980700016 -0.0481804982 0.0000000000 0.9333590269 0.0193341002 -0.3584229946 0.0000000000 0.3567990065 0.0590115003 0.9323149920 0.0000000000 17.5498008728 -8.4821300507 6.0844898224 1.0000000000  ]
    ObjectInstance "Hoja_C01"
AttributeEnd

AttributeBegin
    Transform [ 0.7376970053 -0.6277520061 -0.2484569997 0.0000000000 -0.6078799963 -0.4574779868 -0.6489970088 0.0000000000 -0.2937459946 -0.6297950149 0.7190769911 0.0000000000 17.5655002594 -8.3198795319 6.2153801918 1.0000000000  ]
    ObjectInstance "Hoja_C01"
AttributeEnd

AttributeBegin
    Transform [ 0.0128418002 0.9997529984 0.0181467999 0.0000000000 0.8162860274 0.0000000000 -0.5776479840 0.0000000000 0.5775049925 -0.0222309995 0.8160840273 0.0000000000 17.4657001495 -8.4941596985 6.2069997787 1.0000000000  ]
    ObjectInstance "Hoja_C01"
AttributeEnd

AttributeBegin
    Transform [ -0.2104869932 0.9743059874 -0.0801447034 0.0000000000 0.8675529957 0.1483770013 -0.4746960104 0.0000000000 0.4506070018 0.1694470048 0.8764939904 0.0000000000 17.5366001129 -8.4677095413 6.2620601654 1.0000000000  ]
    ObjectInstance "Hoja_C01"
AttributeEnd

AttributeBegin
    Transform [ -0.8987879753 -0.4312399924 -0.0788161010 0.0000000000 -0.3766430020 0.8516219854 -0.3645269871 0.0000000000 -0.2243199944 0.2979469895 0.9278510213 0.0000000000 17.4377002716 -8.4166698456 6.2935299873 1.0000000000  ]
    ObjectInstance "Hoja_C01"
AttributeEnd

AttributeBegin
    Transform [ -0.9545419812 -0.1780939996 0.2390220016 0.0000000000 -0.2447859943 0.9259229898 -0.2876589894 0.0000000000 0.1700849980 0.3330920041 0.9274269938 0.0000000000 17.2310009003 -8.2106895447 6.0608000755 1.0000000000  ]
    ObjectInstance "Hoja_C01"
AttributeEnd

AttributeBegin
    Transform [ -0.9068599939 0.4178679883 -0.0546993017 0.0000000000 0.2857309878 0.5142409801 -0.8086490035 0.0000000000 0.3097800016 0.7489609718 0.5857419968 0.0000000000 17.2028007507 -8.3283901215 6.0163497925 1.0000000000  ]
    ObjectInstance "Hoja_C01"
AttributeEnd

AttributeBegin
    Transform [ -0.8371629715 -0.5021520257 0.2167959958 0.0000000000 -0.5118979812 0.5797119737 -0.6339520216 0.0000000000 -0.1926610023 0.6416990161 0.7423639894 0.0000000000 17.1625995636 -8.2384195328 6.0472497940 1.0000000000  ]
    ObjectInstance "Hoja_C01"
AttributeEnd

AttributeBegin
    Transform [ 0.1979929954 -0.9786019921 0.0560116991 0.0000000000 -0.9421899915 -0.2057629973 -0.2644630075 0.0000000000 -0.2703289986 0.0004118670 0.9627680182 0.0000000000 17.2127990723 -8.0920696259 6.0095100403 1.0000000000  ]
    ObjectInstance "Hoja_C01"
AttributeEnd

AttributeBegin
    Transform [ -0.8319249749 -0.5541449785 0.0287122000 0.0000000000 -0.5049269795 0.7345470190 -0.4533089995 0.0000000000 -0.2301090062 0.3916170001 0.8908910155 0.0000000000 17.1366996765 -8.1561002731 5.9966001511 1.0000000000  ]
    ObjectInstance "Hoja_C01"
AttributeEnd

AttributeBegin
    Transform [ -0.8022400141 -0.5793960094 0.1439130008 0.0000000000 -0.3597809970 0.2768430114 -0.8910189867 0.0000000000 -0.4764119983 0.7665889859 0.4305500090 0.0000000000 17.0905990601 -8.1199398041 6.0181097984 1.0000000000  ]
    ObjectInstance "Hoja_C01"
AttributeEnd

AttributeBegin
    Transform [ -0.9718599916 0.2218389958 -0.0792177990 0.0000000000 0.2337550074 0.9497810006 -0.2080260068 0.0000000000 -0.0290913992 0.2206889987 0.9749100208 0.0000000000 17.3579006195 -8.1906404495 6.2717399597 1.0000000000  ]
    ObjectInstance "Hoja_C01"
AttributeEnd

AttributeBegin
    Transform [ -0.4829719961 -0.8711659908 0.0883670002 0.0000000000 -0.7731509805 0.3768920004 -0.5100889802 0.0000000000 -0.4110670090 0.3146800101 0.8555700183 0.0000000000 17.3444004059 -8.0201902390 6.2113900185 1.0000000000  ]
    ObjectInstance "Hoja_C01"
AttributeEnd

AttributeBegin
    Transform [ 0.3353999853 0.9025009871 -0.2701820135 0.0000000000 0.9250699878 -0.3697560132 -0.0867460966 0.0000000000 0.1781899929 0.2208430022 0.9588930011 0.0000000000 17.4710006714 -8.1482801437 6.3495597839 1.0000000000  ]
    ObjectInstance "Hoja_C01"
AttributeEnd

AttributeBegin
    Transform [ -0.3689889908 -0.9135739803 -0.1709679961 0.0000000000 -0.6286429763 0.3808040023 -0.6780819893 0.0000000000 -0.6845830083 0.1427280009 0.7148249745 0.0000000000 17.3752994537 -7.9777798653 6.3032097816 1.0000000000  ]
    ObjectInstance "Hoja_C01"
AttributeEnd

AttributeBegin
    Transform [ 0.8199869990 -0.5645679832 -0.0942507982 0.0000000000 -0.5608410239 -0.7595900297 -0.3293640018 0.0000000000 -0.1143560037 -0.3229340017 0.9394879937 0.0000000000 17.4927997589 -7.9479598999 6.3134398460 1.0000000000  ]
    ObjectInstance "Hoja_C01"
AttributeEnd

AttributeBegin
    Transform [ -0.9717550278 -0.1788499951 -0.1539639980 0.0000000000 -0.1557029933 0.9761610031 -0.1512150019 0.0000000000 -0.1773390025 0.1229709983 0.9764369726 0.0000000000 17.3778991699 -8.0836801529 6.3715400696 1.0000000000  ]
    ObjectInstance "Hoja_C01"
AttributeEnd

AttributeBegin
    Transform [ 0.8078550100 -0.5553410053 0.1974010020 0.0000000000 -0.3625110090 -0.7322720289 -0.5765100121 0.0000000000 -0.4647099972 -0.3941769898 0.7928869724 0.0000000000 17.5231990814 -7.9945597649 6.3811202049 1.0000000000  ]
    ObjectInstance "Hoja_C01"
AttributeEnd

AttributeBegin
    Transform [ 0.0487721004 0.9903060198 0.1300570071 0.0000000000 0.9363279939 0.0000000000 -0.3511280119 0.0000000000 0.3477239907 -0.1389009953 0.9272509813 0.0000000000 17.3866004944 -8.1007099152 6.3711099625 1.0000000000  ]
    ObjectInstance "Hoja_C01"
AttributeEnd

AttributeBegin
    Transform [ -0.9855369925 0.1692039967 0.0093455696 0.0000000000 0.1104459986 0.6831700206 -0.7218589783 0.0000000000 0.1285260022 0.7103859782 0.6919770241 0.0000000000 17.3645000458 -8.0618696213 6.4411101341 1.0000000000  ]
    ObjectInstance "Hoja_C01"
AttributeEnd

AttributeBegin
    Transform [ 0.5350700021 -0.8442999721 -0.0292712003 0.0000000000 -0.6927940249 -0.4186989963 -0.5871350169 0.0000000000 -0.4834629893 -0.3344379961 0.8089590073 0.0000000000 17.4503993988 -7.9283900261 6.4694099426 1.0000000000  ]
    ObjectInstance "Hoja_C01"
AttributeEnd

AttributeBegin
    Transform [ 0.7801719904 -0.5997400284 -0.1778869927 0.0000000000 -0.4639210105 -0.3639320135 -0.8076699972 0.0000000000 -0.4196529984 -0.7126470208 0.5621619821 0.0000000000 17.4708003998 -7.8640899658 6.3931298256 1.0000000000  ]
    ObjectInstance "Hoja_C01"
AttributeEnd

AttributeBegin
    Transform [ 0.3390380144 -0.8940939903 0.2926599979 0.0000000000 -0.7871869802 -0.4399600029 -0.4321720004 0.0000000000 -0.5151609778 0.0838550031 0.8529819846 0.0000000000 17.5095996857 -7.8710098267 6.4626197815 1.0000000000  ]
    ObjectInstance "Hoja_C01"
AttributeEnd

AttributeBegin
    Transform [ 0.9062119722 0.4135619998 -0.0880154967 0.0000000000 0.3096410036 -0.7908470035 -0.5279049873 0.0000000000 0.2879279852 -0.4511409998 0.8447300196 0.0000000000 17.5942993164 -7.9549598694 6.4612097740 1.0000000000  ]
    ObjectInstance "Hoja_C01"
AttributeEnd

AttributeBegin
    Transform [ -0.7156080008 -0.6876999736 0.1223639995 0.0000000000 -0.5932769775 0.5059430003 -0.6261349916 0.0000000000 -0.3686839938 0.5206630230 0.7700530291 0.0000000000 17.4227008820 -7.8191199303 6.5376801491 1.0000000000  ]
    ObjectInstance "Hoja_C01"
AttributeEnd

AttributeBegin
    Transform [ -0.7831150293 -0.5918110013 0.1910240054 0.0000000000 -0.6218770146 0.7450309992 -0.2412440032 0.0000000000 -0.0004517440 0.3077149987 0.9514780045 0.0000000000 17.4102993011 -7.8220801353 6.5199599266 1.0000000000  ]
    ObjectInstance "Hoja_C01"
AttributeEnd

AttributeBegin
    Transform [ 0.2105360031 0.9684000015 0.1337019950 0.0000000000 0.8536260128 -0.1154569983 -0.5079290271 0.0000000000 0.4764420092 -0.2210700065 0.8509590030 0.0000000000 17.3724002838 -8.3151502609 6.3398098946 1.0000000000  ]
    ObjectInstance "Hoja_C01"
AttributeEnd

AttributeBegin
    Transform [ -0.7773460150 0.6260550022 -0.0615474992 0.0000000000 0.5347200036 0.6060460210 -0.5888829827 0.0000000000 0.3313730061 0.4906769991 0.8058710098 0.0000000000 17.2745990753 -8.3245601654 6.3980998993 1.0000000000  ]
    ObjectInstance "Hoja_C01"
AttributeEnd

AttributeBegin
    Transform [ -0.9789100289 -0.2038020045 0.0141134001 0.0000000000 -0.1281149983 0.5586190224 -0.8194699883 0.0000000000 -0.1591250002 0.8039960265 0.5729479790 0.0000000000 17.1588993073 -8.2859201431 6.4053401947 1.0000000000  ]
    ObjectInstance "Hoja_C01"
AttributeEnd

AttributeBegin
    Transform [ -0.7947390079 0.6024749875 0.0735780969 0.0000000000 0.4188809991 0.6321640015 -0.6518489718 0.0000000000 0.4392359853 0.4872300029 0.7547709942 0.0000000000 17.2178001404 -8.3881797791 6.4635400772 1.0000000000  ]
    ObjectInstance "Hoja_C01"
AttributeEnd

AttributeBegin
    Transform [ 0.0940029025 -0.9885519743 -0.1180189997 0.0000000000 -0.4692809880 0.0605502985 -0.8809710145 0.0000000000 -0.8780310154 -0.1381980032 0.4582169950 0.0000000000 17.1537990570 -7.8875398636 6.4064002037 1.0000000000  ]
    ObjectInstance "Hoja_C01"
AttributeEnd

AttributeBegin
    Transform [ -0.7850890160 -0.5835049748 0.2077410072 0.0000000000 -0.5965160131 0.6220149994 -0.5072140098 0.0000000000 -0.1667429954 0.5221289992 0.8364080191 0.0000000000 17.1070003510 -7.9247698784 6.4452700615 1.0000000000  ]
    ObjectInstance "Hoja_C01"
AttributeEnd

AttributeBegin
    Transform [ -0.4760879874 -0.8616080284 0.1759909987 0.0000000000 -0.8511229753 0.4011189938 -0.3386650085 0.0000000000 -0.2212029994 0.3110240102 0.9243019819 0.0000000000 17.1485004425 -7.8427801132 6.4693598747 1.0000000000  ]
    ObjectInstance "Hoja_C01"
AttributeEnd

AttributeBegin
    Transform [ -0.7893660069 -0.5742830038 -0.2170269936 0.0000000000 -0.4800809920 0.7977579832 -0.3648349941 0.0000000000 -0.3826540112 0.1837980002 0.9054250121 0.0000000000 17.0774002075 -7.9274802208 6.4714298248 1.0000000000  ]
    ObjectInstance "Hoja_C01"
AttributeEnd

AttributeBegin
    Transform [ 0.4561539888 0.8896679878 0.0203414001 0.0000000000 0.8007220030 -0.4003610015 -0.4455960095 0.0000000000 0.3882879913 -0.2195480019 0.8950030208 0.0000000000 17.1011009216 -7.8748002052 6.5120100975 1.0000000000  ]
    ObjectInstance "Hoja_C01"
AttributeEnd

AttributeBegin
    Transform [ 0.2190960050 -0.9598529935 0.1751540005 0.0000000000 -0.8483459949 -0.2760809958 -0.4517619908 0.0000000000 -0.4819819927 0.0496123992 0.8747749925 0.0000000000 17.1357002258 -7.7972898483 6.4614400864 1.0000000000  ]
    ObjectInstance "Hoja_C01"
AttributeEnd

AttributeBegin
    Transform [ 0.0145391999 0.9993879795 0.0318061002 0.0000000000 0.9094840288 0.0000000000 -0.4157389998 0.0000000000 0.4154849946 -0.0349715985 0.9089279771 0.0000000000 17.0515003204 -7.8720397949 6.5024900436 1.0000000000  ]
    ObjectInstance "Hoja_C01"
AttributeEnd

AttributeBegin
    Transform [ -0.9902380109 0.1206810027 0.0697527006 0.0000000000 0.0567271002 0.8060089946 -0.5891789794 0.0000000000 0.1273240000 0.5794709921 0.8049860001 0.0000000000 17.0695991516 -7.9230098724 6.5463199615 1.0000000000  ]
    ObjectInstance "Hoja_C01"
AttributeEnd

AttributeBegin
    Transform [ 0.6649879813 -0.7280250192 -0.1666460037 0.0000000000 -0.5897399783 -0.3749499917 -0.7152749896 0.0000000000 -0.4582540095 -0.5739279985 0.6786829829 0.0000000000 17.0949001312 -7.7140498161 6.5208401680 1.0000000000  ]
    ObjectInstance "Hoja_C01"
AttributeEnd

AttributeBegin
    Transform [ -0.7408329844 -0.6709780097 0.0308996998 0.0000000000 -0.5711780190 0.6051020026 -0.5546230078 0.0000000000 -0.3534420133 0.4285329878 0.8315280080 0.0000000000 16.9423999786 -7.7506999969 6.5770401955 1.0000000000  ]
    ObjectInstance "Hoja_C01"
AttributeEnd

AttributeBegin
    Transform [ -0.9559800029 -0.2934300005 -0.0012326800 0.0000000000 -0.1559360027 0.5115820169 -0.8449659944 0.0000000000 -0.2485689968 0.8075789809 0.5348179936 0.0000000000 16.9235992432 -7.7953701019 6.5439100266 1.0000000000  ]
    ObjectInstance "Hoja_C01"
AttributeEnd

AttributeBegin
    Transform [ -0.9817550182 -0.0157060008 0.1895020008 0.0000000000 -0.0831976980 0.9316089749 -0.3538120091 0.0000000000 0.1709840000 0.3631219864 0.9159179926 0.0000000000 17.2147006989 -8.0026597977 6.7251901627 1.0000000000  ]
    ObjectInstance "Hoja_C01"
AttributeEnd

AttributeBegin
    Transform [ 0.7165880203 0.6794829965 -0.1574960053 0.0000000000 0.5860009789 -0.7089560032 -0.3924070001 0.0000000000 0.3782919943 -0.1889010072 0.9062079787 0.0000000000 17.3850002289 -8.0039501190 6.7285599709 1.0000000000  ]
    ObjectInstance "Hoja_C01"
AttributeEnd

AttributeBegin
    Transform [ 0.6429619789 -0.7463840246 0.1717839986 0.0000000000 -0.6410009861 -0.6471610069 -0.4126740098 0.0000000000 -0.4191859961 -0.1552200019 0.8945329785 0.0000000000 17.3430995941 -7.8170800209 6.7021298409 1.0000000000  ]
    ObjectInstance "Hoja_C01"
AttributeEnd

AttributeBegin
    Transform [ -0.1510020047 0.9835789800 -0.0988477990 0.0000000000 0.9121819735 0.1001060009 -0.3973709941 0.0000000000 0.3809500039 0.1501709968 0.9123190045 0.0000000000 17.3838005066 -8.0265998840 6.7401299477 1.0000000000  ]
    ObjectInstance "Hoja_C01"
AttributeEnd

AttributeBegin
    Transform [ -0.9721519947 0.2256489992 0.0632734969 0.0000000000 0.1126440018 0.6866790056 -0.7181810141 0.0000000000 0.2055059969 0.6910539865 0.6929739714 0.0000000000 17.2415008545 -7.9629898071 6.7918901443 1.0000000000  ]
    ObjectInstance "Hoja_C01"
AttributeEnd

AttributeBegin
    Transform [ 0.0461564995 -0.9574750066 0.2848019898 0.0000000000 -0.8824930191 -0.1726720035 -0.4374830127 0.0000000000 -0.4680559933 0.2311429977 0.8529340029 0.0000000000 17.2961006165 -7.8291101456 6.8208298683 1.0000000000  ]
    ObjectInstance "Hoja_C01"
AttributeEnd

AttributeBegin
    Transform [ 0.9358029962 0.3522549868 -0.0137711000 0.0000000000 0.2534950078 -0.6995549798 -0.6681039929 0.0000000000 0.2449769974 -0.6217229962 0.7439399958 0.0000000000 17.4727993011 -7.8586702347 6.8069300652 1.0000000000  ]
    ObjectInstance "Hoja_C01"
AttributeEnd

AttributeBegin
    Transform [ 0.5570260286 -0.8154190183 -0.1575219929 0.0000000000 -0.8099009991 -0.4913760126 -0.3203279972 0.0000000000 -0.1837989986 -0.3060080111 0.9341179729 0.0000000000 17.4055995941 -7.8291001320 6.8367500305 1.0000000000  ]
    ObjectInstance "Hoja_C01"
AttributeEnd

AttributeBegin
    Transform [ 0.5742660165 0.8140320182 -0.0870094001 0.0000000000 0.7698919773 -0.5731300116 -0.2806929946 0.0000000000 0.2783609927 -0.0942047015 0.9558460116 0.0000000000 17.5146007538 -7.9083700180 6.9287500381 1.0000000000  ]
    ObjectInstance "Hoja_C01"
AttributeEnd

AttributeBegin
    Transform [ 0.6575390100 -0.7162550092 -0.2337130010 0.0000000000 -0.7242280245 -0.5153679848 -0.4581379890 0.0000000000 -0.2076950073 -0.4705049992 0.8576059937 0.0000000000 17.4619007111 -7.7472500801 6.9227399826 1.0000000000  ]
    ObjectInstance "Hoja_C01"
AttributeEnd

AttributeBegin
    Transform [ -0.9303200245 -0.3486000001 0.1139459983 0.0000000000 -0.3319509923 0.6682810187 -0.6657400131 0.0000000000 -0.1559289992 0.6571750045 0.7374330163 0.0000000000 17.0032005310 -7.9494099617 6.7415399551 1.0000000000  ]
    ObjectInstance "Hoja_C01"
AttributeEnd

AttributeBegin
    Transform [ 0.0661384016 0.9917209744 0.1100649983 0.0000000000 0.8571529984 -0.0000002310 -0.5150619745 0.0000000000 0.5107979774 -0.1284079999 0.8500570059 0.0000000000 17.0316009521 -7.9574899673 6.8180198669 1.0000000000  ]
    ObjectInstance "Hoja_C01"
AttributeEnd

AttributeBegin
    Transform [ -0.4775669873 -0.8582249880 0.1880919933 0.0000000000 -0.5919399858 0.1560930014 -0.7907230258 0.0000000000 -0.6492580175 0.4889630079 0.5825629830 0.0000000000 17.0347003937 -7.8206100464 6.8031997681 1.0000000000  ]
    ObjectInstance "Hoja_C01"
AttributeEnd

AttributeBegin
    Transform [ -0.2046329975 -0.9773480296 0.0540079996 0.0000000000 -0.6913970113 0.1052640006 -0.7147660255 0.0000000000 -0.6928889751 0.1836050004 0.6972759962 0.0000000000 17.0021991730 -7.8461098671 6.8146400452 1.0000000000  ]
    ObjectInstance "Hoja_C01"
AttributeEnd

AttributeBegin
    Transform [ -0.9013339877 0.4283869863 -0.0638903007 0.0000000000 0.3178029954 0.5538910031 -0.7695490122 0.0000000000 0.2942759991 0.7139250040 0.6353840232 0.0000000000 16.9624996185 -8.0179195404 6.8354001045 1.0000000000  ]
    ObjectInstance "Hoja_C01"
AttributeEnd

AttributeBegin
    Transform [ -0.1407140046 -0.9551299810 -0.2606289983 0.0000000000 -0.8344740272 0.2560810149 -0.4879299998 0.0000000000 -0.5327789783 -0.1488289982 0.8330649734 0.0000000000 16.8610000610 -7.8791699409 6.9498801231 1.0000000000  ]
    ObjectInstance "Hoja_C01"
AttributeEnd

AttributeBegin
    Transform [ -0.4667229950 -0.8749169707 -0.1291850060 0.0000000000 -0.6584780216 0.4412809908 -0.6096540093 0.0000000000 -0.5904049873 0.1994740069 0.7820699811 0.0000000000 16.8244991302 -7.9066500664 6.9139699936 1.0000000000  ]
    ObjectInstance "Hoja_C01"
AttributeEnd

AttributeBegin
    Transform [ 0.9732310176 -0.2045799941 -0.1047260016 0.0000000000 -0.2289029956 -0.8219980001 -0.5214629769 0.0000000000 -0.0205962993 -0.5314760208 0.8468229771 0.0000000000 17.2803993225 -7.7679200172 6.8621201515 1.0000000000  ]
    ObjectInstance "Hoja_C01"
AttributeEnd

AttributeBegin
    Transform [ 0.2858659923 0.9306219816 -0.2285259962 0.0000000000 0.8688020110 -0.3523150086 -0.3479329944 0.0000000000 0.4043079913 0.0990819037 0.9092400074 0.0000000000 17.2775993347 -7.8820800781 6.8972997665 1.0000000000  ]
    ObjectInstance "Hoja_C01"
AttributeEnd

AttributeBegin
    Transform [ -0.0543852001 0.9916899800 -0.1165940017 0.0000000000 0.9062579870 -0.0000001341 -0.4227240086 0.0000000000 0.4192110002 0.1286540031 0.8987269998 0.0000000000 17.1597003937 -7.7172398567 6.8626198769 1.0000000000  ]
    ObjectInstance "Hoja_C01"
AttributeEnd

AttributeBegin
    Transform [ -0.8371090293 -0.5249260068 -0.1539549977 0.0000000000 -0.4095970094 0.7880030274 -0.4596529901 0.0000000000 -0.3626010120 0.3217200041 0.8746529818 0.0000000000 17.0622997284 -7.7930197716 6.8449101448 1.0000000000  ]
    ObjectInstance "Hoja_C01"
AttributeEnd

AttributeBegin
    Transform [ 0.1651490033 -0.9828320146 -0.0822615027 0.0000000000 -0.6219649911 -0.0390532985 -0.7820699811 0.0000000000 -0.7654309869 -0.1803220063 0.6177369952 0.0000000000 17.1889991760 -7.6707501411 6.8582301140 1.0000000000  ]
    ObjectInstance "Hoja_C01"
AttributeEnd

AttributeBegin
    Transform [ -0.9569950104 0.1351619959 0.2566939890 0.0000000000 -0.0689148977 0.7535870075 -0.6537259817 0.0000000000 0.2818000019 0.6433020234 0.7118639946 0.0000000000 17.0998001099 -7.7994699478 6.9102702141 1.0000000000  ]
    ObjectInstance "Hoja_C01"
AttributeEnd

AttributeBegin
    Transform [ 0.4207400084 -0.9022819996 -0.0941487029 0.0000000000 -0.7361530066 -0.2789269984 -0.6166669726 0.0000000000 -0.5301470160 -0.3287650049 0.7815740108 0.0000000000 17.1791992188 -7.6795902252 6.9032998085 1.0000000000  ]
    ObjectInstance "Hoja_C01"
AttributeEnd

AttributeBegin
    Transform [ -0.0180641003 0.9737799764 -0.2267750055 0.0000000000 0.9968420267 -0.0000002608 -0.0794058964 0.0000000000 0.0773238987 0.2274930030 0.9707049727 0.0000000000 17.2441005707 -7.7080302238 6.9197001457 1.0000000000  ]
    ObjectInstance "Hoja_C01"
AttributeEnd

AttributeBegin
    Transform [ 0.9205319881 -0.3608930111 -0.1495890021 0.0000000000 -0.3872480094 -0.7923859954 -0.4713410139 0.0000000000 -0.0515717007 -0.4918130040 0.8691719770 0.0000000000 17.2677993774 -7.6490898132 6.8798799515 1.0000000000  ]
    ObjectInstance "Hoja_C01"
AttributeEnd

AttributeBegin
    Transform [ -0.5828890204 0.8124359846 -0.0137085998 0.0000000000 0.7911450267 0.5636060238 -0.2375669926 0.0000000000 0.1852809936 0.1493210047 0.9712749720 0.0000000000 17.1546001434 -7.9821801186 6.9445199966 1.0000000000  ]
    ObjectInstance "Hoja_C01"
AttributeEnd

AttributeBegin
    Transform [ 0.9348189831 0.3523010015 -0.0446976013 0.0000000000 0.2557319999 -0.7551580071 -0.6036030054 0.0000000000 0.2464040071 -0.5528290272 0.7960309982 0.0000000000 17.2584991455 -7.8492498398 7.0189700127 1.0000000000  ]
    ObjectInstance "Hoja_C01"
AttributeEnd

AttributeBegin
    Transform [ -0.9620370269 0.1759950072 -0.2085929960 0.0000000000 0.2173900008 0.9562450051 -0.1957969964 0.0000000000 -0.1650069952 0.2337100059 0.9582030177 0.0000000000 17.0389995575 -7.9293999672 7.1159200668 1.0000000000  ]
    ObjectInstance "Hoja_C01"
AttributeEnd

AttributeBegin
    Transform [ 0.9533450007 0.1997420043 0.2263540030 0.0000000000 0.2618040144 -0.9203659892 -0.2904910147 0.0000000000 -0.1503050029 -0.3361989856 0.9297199845 0.0000000000 17.2649002075 -7.9195499420 7.2178702354 1.0000000000  ]
    ObjectInstance "Hoja_C01"
AttributeEnd

AttributeBegin
    Transform [ -0.8322129846 0.5526720285 -0.0444517992 0.0000000000 0.4402070045 0.6098579764 -0.6590070128 0.0000000000 0.3371059895 0.5680019855 0.7508220077 0.0000000000 17.1210002899 -8.0284204483 7.2076101303 1.0000000000  ]
    ObjectInstance "Hoja_C01"
AttributeEnd

AttributeBegin
    Transform [ -0.3266440034 -0.9030979872 -0.2787800133 0.0000000000 -0.7201470137 0.4288400114 -0.5454220176 0.0000000000 -0.6121209860 -0.0226038005 0.7904409766 0.0000000000 17.0247993469 -7.7940001488 6.8883199692 1.0000000000  ]
    ObjectInstance "Hoja_C01"
AttributeEnd

AttributeBegin
    Transform [ 0.2414540052 -0.9663410187 0.0887925029 0.0000000000 -0.9451439977 -0.2549239993 -0.2042469978 0.0000000000 -0.2200070024 0.0346057005 0.9748839736 0.0000000000 17.1562004089 -7.7116098404 6.9534602165 1.0000000000  ]
    ObjectInstance "Hoja_C01"
AttributeEnd

AttributeBegin
    Transform [ 0.8017830253 0.5477409959 -0.2390040010 0.0000000000 0.3855429888 -0.7796649933 -0.4934360087 0.0000000000 0.4566180110 -0.3034830093 0.8363000154 0.0000000000 17.2584991455 -7.8015999794 6.9758501053 1.0000000000  ]
    ObjectInstance "Hoja_C01"
AttributeEnd

AttributeBegin
    Transform [ 0.0790693983 -0.9912739992 0.1054660007 0.0000000000 -0.8976640105 -0.1168109998 -0.4249159992 0.0000000000 -0.4335280061 0.0610751994 0.8990679979 0.0000000000 17.0986995697 -7.7564902306 6.9977297783 1.0000000000  ]
    ObjectInstance "Hoja_C01"
AttributeEnd

AttributeBegin
    Transform [ 0.6527109742 -0.7570239902 -0.0297254007 0.0000000000 -0.5335410237 -0.4314579964 -0.7274460196 0.0000000000 -0.5378689766 -0.4906719923 0.6855210066 0.0000000000 17.1047992706 -7.6812000275 7.0178599358 1.0000000000  ]
    ObjectInstance "Hoja_C01"
AttributeEnd

AttributeBegin
    Transform [ 0.2891969979 0.9241979718 0.2494450063 0.0000000000 0.9461259842 -0.2363110036 -0.2213670015 0.0000000000 0.1456400007 -0.3000249863 0.9427480102 0.0000000000 17.1982994080 -7.8733801842 7.0541901588 1.0000000000  ]
    ObjectInstance "Hoja_C01"
AttributeEnd

AttributeBegin
    Transform [ -0.3704270124 0.9253579974 -0.0806104988 0.0000000000 0.7522950172 0.2479770035 -0.6103770137 0.0000000000 0.5448269844 0.2867429852 0.7879989743 0.0000000000 17.1168003082 -8.4097099304 5.3804998398 1.0000000000  ]
    ObjectInstance "Hoja_C01"
AttributeEnd

AttributeBegin
    Transform [ 0.5967440009 0.7580699921 0.2631079853 0.0000000000 0.7712560296 -0.4513429999 -0.4488359988 0.0000000000 0.2214969993 -0.4707640111 0.8540030122 0.0000000000 17.1875000000 -8.3922901154 5.4099302292 1.0000000000  ]
    ObjectInstance "Hoja_C01"
AttributeEnd

AttributeBegin
    Transform [ -0.4523079991 -0.8592190146 -0.2390840054 0.0000000000 -0.8589519858 0.4918229878 -0.1425160021 0.0000000000 -0.2400390059 -0.1409000009 0.9604830146 0.0000000000 16.9592990875 -8.1903896332 5.4491000175 1.0000000000  ]
    ObjectInstance "Hoja_C01"
AttributeEnd

AttributeBegin
    Transform [ -0.9524220228 -0.3029699922 -0.0331823006 0.0000000000 -0.2108660042 0.7336339951 -0.6460000277 0.0000000000 -0.2200620025 0.6082680225 0.7626159787 0.0000000000 16.9069995880 -8.3444204330 5.4320302010 1.0000000000  ]
    ObjectInstance "Hoja_C01"
AttributeEnd

AttributeBegin
    Transform [ -0.3863179982 -0.9078369737 0.1630650014 0.0000000000 -0.7039930224 0.1759860069 -0.6880570054 0.0000000000 -0.5959460139 0.3806059957 0.7070980072 0.0000000000 16.9500999451 -8.1798496246 5.3766398430 1.0000000000  ]
    ObjectInstance "Hoja_C01"
AttributeEnd

AttributeBegin
    Transform [ 0.0338372998 0.9920020103 0.1216019988 0.0000000000 0.9633979797 -0.0000001714 -0.2680760026 0.0000000000 0.2659319937 -0.1262219995 0.9556919932 0.0000000000 16.9102001190 -8.1877498627 5.4318799973 1.0000000000  ]
    ObjectInstance "Hoja_C01"
AttributeEnd

AttributeBegin
    Transform [ -0.9759410024 -0.1584720016 -0.1497530043 0.0000000000 -0.0921676010 0.9222940207 -0.3753379881 0.0000000000 -0.1975969970 0.3525060117 0.9147099853 0.0000000000 16.8539009094 -8.2920398712 5.4207801819 1.0000000000  ]
    ObjectInstance "Hoja_C01"
AttributeEnd

AttributeBegin
    Transform [ -0.9087449908 0.3820950091 -0.1678889990 0.0000000000 0.3831279874 0.6042140126 -0.6986690164 0.0000000000 0.1655180007 0.6992350221 0.6954669952 0.0000000000 16.8283996582 -8.3574199677 5.3299198151 1.0000000000  ]
    ObjectInstance "Hoja_C01"
AttributeEnd

AttributeBegin
    Transform [ -0.8144279718 -0.5801439881 0.0118370000 0.0000000000 -0.3503600061 0.4753820002 -0.8070060015 0.0000000000 -0.4625529945 0.6613960266 0.5904240012 0.0000000000 16.7865009308 -8.2662096024 5.3230099678 1.0000000000  ]
    ObjectInstance "Hoja_C01"
AttributeEnd

AttributeBegin
    Transform [ 0.2194589972 0.9506130219 -0.2194820046 0.0000000000 0.6733909845 -0.3103770018 -0.6709769964 0.0000000000 0.7059620023 0.0005453790 0.7082489729 0.0000000000 16.9710998535 -8.3526601791 5.2593398094 1.0000000000  ]
    ObjectInstance "Hoja_C01"
AttributeEnd

AttributeBegin
    Transform [ 0.5054180026 -0.8555570245 0.1121359989 0.0000000000 -0.6166020036 -0.4490140080 -0.6466749907 0.0000000000 -0.6036180258 -0.2576979995 0.7544779778 0.0000000000 16.8631000519 -8.1474399567 5.3011097908 1.0000000000  ]
    ObjectInstance "Hoja_C01"
AttributeEnd

AttributeBegin
    Transform [ -0.8150709867 -0.5512539744 0.1782650054 0.0000000000 -0.4543420076 0.4172570109 -0.7870640159 0.0000000000 -0.3594900072 0.7225059867 0.5905519724 0.0000000000 16.7576007843 -8.1902904510 5.2831201553 1.0000000000  ]
    ObjectInstance "Hoja_C01"
AttributeEnd

AttributeBegin
    Transform [ 0.0103187002 0.9998490214 0.0139699001 0.0000000000 0.8043799996 -0.0000004023 -0.5941150188 0.0000000000 0.5940250158 -0.0173675995 0.8042590022 0.0000000000 16.6459007263 -8.2253503799 5.2584900856 1.0000000000  ]
    ObjectInstance "Hoja_C01"
AttributeEnd

AttributeBegin
    Transform [ -0.9369509816 0.2429870069 0.2511560023 0.0000000000 0.1528680027 0.9312729836 -0.3306970000 0.0000000000 0.3142499924 0.2714540064 0.9097030163 0.0000000000 16.6501007080 -8.2866601944 5.2465901375 1.0000000000  ]
    ObjectInstance "Hoja_C01"
AttributeEnd

AttributeBegin
    Transform [ -0.7968199849 -0.5587109923 0.2300429940 0.0000000000 -0.5984690189 0.7821879983 -0.1732520014 0.0000000000 0.0831388980 0.2757239938 0.9576349854 0.0000000000 16.6543006897 -8.2085304260 5.2378702164 1.0000000000  ]
    ObjectInstance "Hoja_C01"
AttributeEnd

AttributeBegin
    Transform [ -0.9738050103 0.0571522005 0.2200849950 0.0000000000 -0.1118730009 0.7222269773 -0.6825489998 0.0000000000 0.1979610026 0.6892910004 0.6969140172 0.0000000000 16.6464996338 -8.2509202957 5.2218799591 1.0000000000  ]
    ObjectInstance "Hoja_C01"
AttributeEnd

AttributeBegin
    Transform [ -0.4995410144 -0.8432829976 -0.1983229965 0.0000000000 -0.5864809752 0.4977000058 -0.6390110254 0.0000000000 -0.6375719905 0.2028989941 0.7431910038 0.0000000000 16.8528003693 -8.1896095276 5.7388701439 1.0000000000  ]
    ObjectInstance "Hoja_C01"
AttributeEnd

AttributeBegin
    Transform [ -0.0219822992 0.9978600144 -0.0615731999 0.0000000000 0.9417790174 -0.0000003800 -0.3362320065 0.0000000000 0.3355129957 0.0653795004 0.9397640228 0.0000000000 16.8323993683 -8.1536102295 5.7725200653 1.0000000000  ]
    ObjectInstance "Hoja_C01"
AttributeEnd

AttributeBegin
    Transform [ -0.9784770012 -0.1047519967 0.1777929962 0.0000000000 -0.2028580010 0.6462609768 -0.7356600165 0.0000000000 0.0378393009 0.7558929920 0.6536009908 0.0000000000 16.7931995392 -8.2296495438 5.7703099251 1.0000000000  ]
    ObjectInstance "Hoja_C01"
AttributeEnd

AttributeBegin
    Transform [ 0.9411020279 -0.2385039926 -0.2396740019 0.0000000000 -0.3336589932 -0.7698730230 -0.5440289974 0.0000000000 0.0547653995 -0.5919550061 0.8041080236 0.0000000000 16.9416007996 -8.1572198868 5.7902297974 1.0000000000  ]
    ObjectInstance "Hoja_C01"
AttributeEnd

AttributeBegin
    Transform [ -0.1475429982 0.9728450179 -0.1783359945 0.0000000000 0.7704899907 -0.0000003949 -0.6374530196 0.0000000000 0.6201429963 0.2314569950 0.7495669723 0.0000000000 16.7777004242 -8.1972503662 5.7859802246 1.0000000000  ]
    ObjectInstance "Hoja_C01"
AttributeEnd

AttributeBegin
    Transform [ 0.8638569713 -0.4946080148 -0.0954663977 0.0000000000 -0.3772729933 -0.5096809864 -0.7732329965 0.0000000000 -0.3337900043 -0.7039800286 0.6268939972 0.0000000000 16.9022998810 -8.1042299271 5.7983198166 1.0000000000  ]
    ObjectInstance "Hoja_C01"
AttributeEnd

AttributeBegin
    Transform [ -0.4960199893 -0.8200799823 -0.2853659987 0.0000000000 -0.7474160194 0.5705209970 -0.3404049873 0.0000000000 -0.4419659972 -0.0444394983 0.8959299922 0.0000000000 16.7112007141 -8.1351995468 5.8310198784 1.0000000000  ]
    ObjectInstance "Hoja_C01"
AttributeEnd

AttributeBegin
