
#############################################


AttributeBegin
    ObjectBegin "Porta Macetas Gancho45"

    AttributeBegin
        Transform [ 1.0000000000 0.0000000000 0.0000000000 0.0000000000 0.0000000000 1.0000000000 0.0000000000 0.0000000000 0.0000000000 0.0000000000 1.0000000000 0.0000000000 0.0000000000 0.0000000000 0.0000000000 1.0000000000  ]
        NamedMaterial "Forja_Macetas"
        Shape "plymesh" "string filename" "geometry/macetas_00001.ply" 
    AttributeEnd
AttributeEnd
ObjectEnd

AttributeBegin
    Transform [ 1.0000000000 0.0000000000 0.0000000000 0.0000000000 0.0000000000 0.0000000000 1.0000000000 0.0000000000 0.0000000000 1.0000000000 0.0000000000 0.0000000000 7.2709898949 -9.3440904617 6.4492101669 1.0000000000  ]
    ObjectInstance "Porta Macetas Gancho45"
AttributeEnd

AttributeBegin
    Transform [ 1.0000000000 0.0000000000 0.0000000000 0.0000000000 0.0000000000 0.0000000000 1.0000000000 0.0000000000 0.0000000000 -1.0000000000 0.0000000000 0.0000000000 7.2709898949 -9.4415702820 6.4492101669 1.0000000000  ]
    ObjectInstance "Porta Macetas Gancho45"
AttributeEnd

AttributeBegin
    Transform [ 1.0000000000 0.0000000000 0.0000000000 0.0000000000 0.0000000000 0.0000000000 1.0000000000 0.0000000000 0.0000000000 1.0000000000 0.0000000000 0.0000000000 7.2709898949 -5.7293000221 6.4492101669 1.0000000000  ]
    ObjectInstance "Porta Macetas Gancho45"
AttributeEnd

AttributeBegin
    Transform [ 1.0000000000 0.0000000000 0.0000000000 0.0000000000 0.0000000000 0.0000000000 1.0000000000 0.0000000000 0.0000000000 -1.0000000000 0.0000000000 0.0000000000 7.2709898949 -5.8267798424 6.4492101669 1.0000000000  ]
    ObjectInstance "Porta Macetas Gancho45"
AttributeEnd

AttributeBegin
    Transform [ 1.0000000000 0.0000000000 0.0000000000 0.0000000000 0.0000000000 0.0000000000 1.0000000000 0.0000000000 0.0000000000 1.0000000000 0.0000000000 0.0000000000 7.2709898949 -5.2679500580 6.4492101669 1.0000000000  ]
    ObjectInstance "Porta Macetas Gancho45"
AttributeEnd

AttributeBegin
    Transform [ 1.0000000000 0.0000000000 0.0000000000 0.0000000000 0.0000000000 0.0000000000 1.0000000000 0.0000000000 0.0000000000 -1.0000000000 0.0000000000 0.0000000000 7.2709898949 -5.3654298782 6.4492101669 1.0000000000  ]
    ObjectInstance "Porta Macetas Gancho45"
AttributeEnd

AttributeBegin
    Transform [ 1.0000000000 0.0000000000 0.0000000000 0.0000000000 0.0000000000 0.0000000000 1.0000000000 0.0000000000 0.0000000000 1.0000000000 0.0000000000 0.0000000000 7.2709898949 -4.3699097633 6.4492101669 1.0000000000  ]
    ObjectInstance "Porta Macetas Gancho45"
AttributeEnd

AttributeBegin
    Transform [ 1.0000000000 0.0000000000 0.0000000000 0.0000000000 0.0000000000 0.0000000000 1.0000000000 0.0000000000 0.0000000000 -1.0000000000 0.0000000000 0.0000000000 7.2709898949 -4.4673900604 6.4492101669 1.0000000000  ]
    ObjectInstance "Porta Macetas Gancho45"
AttributeEnd

AttributeBegin
    Transform [ -1.0000000000 0.0000008901 0.0000000000 0.0000000000 0.0000000000 0.0000000000 1.0000000000 0.0000000000 -0.0000008901 -1.0000000000 0.0000000000 0.0000000000 23.4883003235 -2.6529500484 6.4492101669 1.0000000000  ]
    ObjectInstance "Porta Macetas Gancho45"
AttributeEnd

AttributeBegin
    Transform [ -1.0000000000 0.0000008027 0.0000000000 0.0000000000 0.0000000000 0.0000000000 1.0000000000 0.0000000000 0.0000008027 1.0000000000 0.0000000000 0.0000000000 23.4883003235 -2.5554699898 6.4492101669 1.0000000000  ]
    ObjectInstance "Porta Macetas Gancho45"
AttributeEnd

AttributeBegin
    Transform [ -1.0000000000 0.0000008901 0.0000000000 0.0000000000 0.0000000000 0.0000000000 1.0000000000 0.0000000000 -0.0000008901 -1.0000000000 0.0000000000 0.0000000000 23.4883003235 -2.2085499763 6.4492101669 1.0000000000  ]
    ObjectInstance "Porta Macetas Gancho45"
AttributeEnd

AttributeBegin
    Transform [ -1.0000000000 0.0000008027 0.0000000000 0.0000000000 0.0000000000 0.0000000000 1.0000000000 0.0000000000 0.0000008027 1.0000000000 0.0000000000 0.0000000000 23.4883003235 -2.1110699177 6.4492101669 1.0000000000  ]
    ObjectInstance "Porta Macetas Gancho45"
AttributeEnd

AttributeBegin
    Transform [ -1.0000000000 0.0000008901 0.0000000000 0.0000000000 0.0000000000 0.0000000000 1.0000000000 0.0000000000 -0.0000008901 -1.0000000000 0.0000000000 0.0000000000 23.4883003235 -1.9201300144 6.4492101669 1.0000000000  ]
    ObjectInstance "Porta Macetas Gancho45"
AttributeEnd

AttributeBegin
    Transform [ -1.0000000000 0.0000008027 0.0000000000 0.0000000000 0.0000000000 0.0000000000 1.0000000000 0.0000000000 0.0000008027 1.0000000000 0.0000000000 0.0000000000 23.4883003235 -1.8226499557 6.4492101669 1.0000000000  ]
    ObjectInstance "Porta Macetas Gancho45"
AttributeEnd

AttributeBegin
    Transform [ -0.0000002503 -1.0000000000 0.0000000000 0.0000000000 0.0000000000 0.0000000000 1.0000000000 0.0000000000 1.0000000000 -0.0000002503 0.0000000000 0.0000000000 22.3535003662 0.0749368966 6.4492101669 1.0000000000  ]
    ObjectInstance "Porta Macetas Gancho45"
AttributeEnd

AttributeBegin
    Transform [ -0.0000001629 -1.0000000000 0.0000000000 0.0000000000 0.0000000000 0.0000000000 1.0000000000 0.0000000000 -1.0000000000 0.0000001629 0.0000000000 0.0000000000 22.2560997009 0.0749368966 6.4492101669 1.0000000000  ]
    ObjectInstance "Porta Macetas Gancho45"
AttributeEnd

AttributeBegin
    Transform [ -0.0000002503 -1.0000000000 0.0000000000 0.0000000000 0.0000000000 0.0000000000 1.0000000000 0.0000000000 1.0000000000 -0.0000002503 0.0000000000 0.0000000000 21.4582996368 0.0749368966 6.4492101669 1.0000000000  ]
    ObjectInstance "Porta Macetas Gancho45"
AttributeEnd

AttributeBegin
    Transform [ -0.0000001629 -1.0000000000 0.0000000000 0.0000000000 0.0000000000 0.0000000000 1.0000000000 0.0000000000 -1.0000000000 0.0000001629 0.0000000000 0.0000000000 21.3607997894 0.0749368966 6.4492101669 1.0000000000  ]
    ObjectInstance "Porta Macetas Gancho45"
AttributeEnd

AttributeBegin
    Transform [ -0.0000002503 -1.0000000000 0.0000000000 0.0000000000 0.0000000000 0.0000000000 1.0000000000 0.0000000000 1.0000000000 -0.0000002503 0.0000000000 0.0000000000 20.8334999084 0.0749368966 6.4492101669 1.0000000000  ]
    ObjectInstance "Porta Macetas Gancho45"
AttributeEnd

AttributeBegin
    Transform [ -0.0000001629 -1.0000000000 0.0000000000 0.0000000000 0.0000000000 0.0000000000 1.0000000000 0.0000000000 -1.0000000000 0.0000001629 0.0000000000 0.0000000000 20.7360000610 0.0749368966 6.4492101669 1.0000000000  ]
    ObjectInstance "Porta Macetas Gancho45"
AttributeEnd

AttributeBegin
    Transform [ -0.0000002503 -1.0000000000 0.0000000000 0.0000000000 0.0000000000 0.0000000000 1.0000000000 0.0000000000 1.0000000000 -0.0000002503 0.0000000000 0.0000000000 19.1560993195 0.0749368966 6.4492101669 1.0000000000  ]
    ObjectInstance "Porta Macetas Gancho45"
AttributeEnd

AttributeBegin
    Transform [ -0.0000001629 -1.0000000000 0.0000000000 0.0000000000 0.0000000000 0.0000000000 1.0000000000 0.0000000000 -1.0000000000 0.0000001629 0.0000000000 0.0000000000 19.0587005615 0.0749368966 6.4492101669 1.0000000000  ]
    ObjectInstance "Porta Macetas Gancho45"
AttributeEnd

AttributeBegin
    Transform [ -0.0000002503 -1.0000000000 0.0000000000 0.0000000000 0.0000000000 0.0000000000 1.0000000000 0.0000000000 1.0000000000 -0.0000002503 0.0000000000 0.0000000000 18.4050006866 0.0749368966 6.4492101669 1.0000000000  ]
    ObjectInstance "Porta Macetas Gancho45"
AttributeEnd

AttributeBegin
    Transform [ -0.0000001629 -1.0000000000 0.0000000000 0.0000000000 0.0000000000 0.0000000000 1.0000000000 0.0000000000 -1.0000000000 0.0000001629 0.0000000000 0.0000000000 18.3076000214 0.0749368966 6.4492101669 1.0000000000  ]
    ObjectInstance "Porta Macetas Gancho45"
AttributeEnd

AttributeBegin
    Transform [ -0.0000002503 -1.0000000000 0.0000000000 0.0000000000 0.0000000000 0.0000000000 1.0000000000 0.0000000000 1.0000000000 -0.0000002503 0.0000000000 0.0000000000 15.5008001328 0.0749368966 6.4492101669 1.0000000000  ]
    ObjectInstance "Porta Macetas Gancho45"
AttributeEnd

AttributeBegin
    Transform [ -0.0000001629 -1.0000000000 0.0000000000 0.0000000000 0.0000000000 0.0000000000 1.0000000000 0.0000000000 -1.0000000000 0.0000001629 0.0000000000 0.0000000000 15.4033002853 0.0749368966 6.4492101669 1.0000000000  ]
    ObjectInstance "Porta Macetas Gancho45"
AttributeEnd

AttributeBegin
    Transform [ -0.0000002503 -1.0000000000 0.0000000000 0.0000000000 0.0000000000 0.0000000000 1.0000000000 0.0000000000 1.0000000000 -0.0000002503 0.0000000000 0.0000000000 14.7580003738 0.0749368966 6.4492101669 1.0000000000  ]
    ObjectInstance "Porta Macetas Gancho45"
AttributeEnd

AttributeBegin
    Transform [ -0.0000001629 -1.0000000000 0.0000000000 0.0000000000 0.0000000000 0.0000000000 1.0000000000 0.0000000000 -1.0000000000 0.0000001629 0.0000000000 0.0000000000 14.6604995728 0.0749368966 6.4492101669 1.0000000000  ]
    ObjectInstance "Porta Macetas Gancho45"
AttributeEnd

AttributeBegin
    Transform [ -0.0000002503 -1.0000000000 0.0000000000 0.0000000000 0.0000000000 0.0000000000 1.0000000000 0.0000000000 1.0000000000 -0.0000002503 0.0000000000 0.0000000000 14.3027000427 0.0749368966 6.4492101669 1.0000000000  ]
    ObjectInstance "Porta Macetas Gancho45"
AttributeEnd

AttributeBegin
    Transform [ -0.0000001629 -1.0000000000 0.0000000000 0.0000000000 0.0000000000 0.0000000000 1.0000000000 0.0000000000 -1.0000000000 0.0000001629 0.0000000000 0.0000000000 14.2052001953 0.0749368966 6.4492101669 1.0000000000  ]
    ObjectInstance "Porta Macetas Gancho45"
AttributeEnd

AttributeBegin
    Transform [ -0.0000002503 -1.0000000000 0.0000000000 0.0000000000 0.0000000000 0.0000000000 1.0000000000 0.0000000000 1.0000000000 -0.0000002503 0.0000000000 0.0000000000 12.0125999451 0.0749368966 6.4492101669 1.0000000000  ]
    ObjectInstance "Porta Macetas Gancho45"
AttributeEnd

AttributeBegin
    Transform [ -0.0000001629 -1.0000000000 0.0000000000 0.0000000000 0.0000000000 0.0000000000 1.0000000000 0.0000000000 -1.0000000000 0.0000001629 0.0000000000 0.0000000000 11.9151000977 0.0749368966 6.4492101669 1.0000000000  ]
    ObjectInstance "Porta Macetas Gancho45"
AttributeEnd

AttributeBegin
    Transform [ -0.0000002503 -1.0000000000 0.0000000000 0.0000000000 0.0000000000 0.0000000000 1.0000000000 0.0000000000 1.0000000000 -0.0000002503 0.0000000000 0.0000000000 11.4135999680 0.0749368966 6.4492101669 1.0000000000  ]
    ObjectInstance "Porta Macetas Gancho45"
AttributeEnd

AttributeBegin
    Transform [ -0.0000001629 -1.0000000000 0.0000000000 0.0000000000 0.0000000000 0.0000000000 1.0000000000 0.0000000000 -1.0000000000 0.0000001629 0.0000000000 0.0000000000 11.3161001205 0.0749368966 6.4492101669 1.0000000000  ]
    ObjectInstance "Porta Macetas Gancho45"
AttributeEnd

AttributeBegin
    Transform [ -0.0000002503 -1.0000000000 0.0000000000 0.0000000000 0.0000000000 0.0000000000 1.0000000000 0.0000000000 1.0000000000 -0.0000002503 0.0000000000 0.0000000000 10.4926996231 0.0749368966 6.4492101669 1.0000000000  ]
    ObjectInstance "Porta Macetas Gancho45"
AttributeEnd

AttributeBegin
    Transform [ -0.0000001629 -1.0000000000 0.0000000000 0.0000000000 0.0000000000 0.0000000000 1.0000000000 0.0000000000 -1.0000000000 0.0000001629 0.0000000000 0.0000000000 10.3952999115 0.0749368966 6.4492101669 1.0000000000  ]
    ObjectInstance "Porta Macetas Gancho45"
AttributeEnd

AttributeBegin
    Transform [ 1.0000000000 0.0000000000 0.0000000000 0.0000000000 0.0000000000 0.0000000000 1.0000000000 0.0000000000 0.0000000000 1.0000000000 0.0000000000 0.0000000000 7.4732599258 -0.6302239895 6.4492101669 1.0000000000  ]
    ObjectInstance "Porta Macetas Gancho45"
AttributeEnd

AttributeBegin
    Transform [ 1.0000000000 0.0000000000 0.0000000000 0.0000000000 0.0000000000 0.0000000000 1.0000000000 0.0000000000 0.0000000000 -1.0000000000 0.0000000000 0.0000000000 7.4732599258 -0.7277039886 6.4492101669 1.0000000000  ]
    ObjectInstance "Porta Macetas Gancho45"
AttributeEnd

AttributeBegin
    Transform [ 1.0000000000 0.0000000000 0.0000000000 0.0000000000 0.0000000000 0.0000000000 1.0000000000 0.0000000000 0.0000000000 1.0000000000 0.0000000000 0.0000000000 7.4732599258 -0.1927009970 6.4492101669 1.0000000000  ]
    ObjectInstance "Porta Macetas Gancho45"
AttributeEnd

AttributeBegin
    Transform [ 1.0000000000 0.0000000000 0.0000000000 0.0000000000 0.0000000000 0.0000000000 1.0000000000 0.0000000000 0.0000000000 -1.0000000000 0.0000000000 0.0000000000 7.4732599258 -0.2901819944 6.4492101669 1.0000000000  ]
    ObjectInstance "Porta Macetas Gancho45"
AttributeEnd

AttributeBegin
    Transform [ 1.0000000000 0.0000000000 0.0000000000 0.0000000000 0.0000000000 0.0000000000 1.0000000000 0.0000000000 0.0000000000 1.0000000000 0.0000000000 0.0000000000 7.4732599258 -2.1961200237 6.4492101669 1.0000000000  ]
    ObjectInstance "Porta Macetas Gancho45"
AttributeEnd

AttributeBegin
    Transform [ 1.0000000000 0.0000000000 0.0000000000 0.0000000000 0.0000000000 0.0000000000 1.0000000000 0.0000000000 0.0000000000 -1.0000000000 0.0000000000 0.0000000000 7.4732599258 -2.2936000824 6.4492101669 1.0000000000  ]
    ObjectInstance "Porta Macetas Gancho45"
AttributeEnd

AttributeBegin
    ObjectBegin "Porta Macetas44"

    AttributeBegin
        Transform [ 1.0000000000 0.0000000000 0.0000000000 0.0000000000 0.0000000000 1.0000000000 0.0000000000 0.0000000000 0.0000000000 0.0000000000 1.0000000000 0.0000000000 0.0000000000 0.0000000000 0.0000000000 1.0000000000  ]
        NamedMaterial "Forja_Macetas"
        Shape "plymesh" "string filename" "geometry/macetas_00002.ply" 
    AttributeEnd
AttributeEnd
ObjectEnd

AttributeBegin
    Transform [ 0.9848080277 0.0000000000 -0.1736479998 0.0000000000 0.0000000000 1.0000000000 0.0000000000 0.0000000000 0.1736479998 0.0000000000 0.9848080277 0.0000000000 7.4286398888 -9.3919000626 6.3944897652 1.0000000000  ]
    ObjectInstance "Porta Macetas44"
AttributeEnd

AttributeBegin
    Transform [ 0.9848080277 0.0000000000 -0.1736479998 0.0000000000 0.0000000000 1.0000000000 0.0000000000 0.0000000000 0.1736479998 0.0000000000 0.9848080277 0.0000000000 7.4286398888 -5.7771100998 6.3944897652 1.0000000000  ]
    ObjectInstance "Porta Macetas44"
AttributeEnd

AttributeBegin
    Transform [ 0.9848080277 0.0000000000 -0.1736479998 0.0000000000 0.0000000000 1.0000000000 0.0000000000 0.0000000000 0.1736479998 0.0000000000 0.9848080277 0.0000000000 7.4286398888 -5.3157601357 6.3944897652 1.0000000000  ]
    ObjectInstance "Porta Macetas44"
AttributeEnd

AttributeBegin
    Transform [ 0.9848080277 0.0000000000 -0.1736479998 0.0000000000 0.0000000000 1.0000000000 0.0000000000 0.0000000000 0.1736479998 0.0000000000 0.9848080277 0.0000000000 7.4286398888 -4.4177198410 6.3944897652 1.0000000000  ]
    ObjectInstance "Porta Macetas44"
AttributeEnd

AttributeBegin
    Transform [ -0.9848080277 0.0000007905 -0.1736479998 0.0000000000 -0.0000008027 -1.0000000000 0.0000000000 0.0000000000 -0.1736479998 0.0000001394 0.9848080277 0.0000000000 23.3306999207 -2.6051399708 6.3944897652 1.0000000000  ]
    ObjectInstance "Porta Macetas44"
AttributeEnd

AttributeBegin
    Transform [ -0.9848080277 0.0000007905 -0.1736479998 0.0000000000 -0.0000008027 -1.0000000000 0.0000000000 0.0000000000 -0.1736479998 0.0000001394 0.9848080277 0.0000000000 23.3306999207 -2.1607398987 6.3944897652 1.0000000000  ]
    ObjectInstance "Porta Macetas44"
AttributeEnd

AttributeBegin
    Transform [ -0.9848080277 0.0000007905 -0.1736479998 0.0000000000 -0.0000008027 -1.0000000000 0.0000000000 0.0000000000 -0.1736479998 0.0000001394 0.9848080277 0.0000000000 23.3306999207 -1.8723200560 6.3944897652 1.0000000000  ]
    ObjectInstance "Porta Macetas44"
AttributeEnd

AttributeBegin
    Transform [ -0.0000001604 -0.9848080277 -0.1736479998 0.0000000000 1.0000000000 -0.0000001629 0.0000000000 0.0000000000 0.0000000000 -0.1736479998 0.9848080277 0.0000000000 22.3057003021 -0.0827054977 6.3944897652 1.0000000000  ]
    ObjectInstance "Porta Macetas44"
AttributeEnd

AttributeBegin
    Transform [ -0.0000001604 -0.9848080277 -0.1736479998 0.0000000000 1.0000000000 -0.0000001629 0.0000000000 0.0000000000 0.0000000000 -0.1736479998 0.9848080277 0.0000000000 21.4104995728 -0.0827054977 6.3944897652 1.0000000000  ]
    ObjectInstance "Porta Macetas44"
AttributeEnd

AttributeBegin
    Transform [ -0.0000001604 -0.9848080277 -0.1736479998 0.0000000000 1.0000000000 -0.0000001629 0.0000000000 0.0000000000 0.0000000000 -0.1736479998 0.9848080277 0.0000000000 20.7856998444 -0.0827054977 6.3944897652 1.0000000000  ]
    ObjectInstance "Porta Macetas44"
AttributeEnd

AttributeBegin
    Transform [ -0.0000001604 -0.9848080277 -0.1736479998 0.0000000000 1.0000000000 -0.0000001629 0.0000000000 0.0000000000 0.0000000000 -0.1736479998 0.9848080277 0.0000000000 19.1082992554 -0.0827054977 6.3944897652 1.0000000000  ]
    ObjectInstance "Porta Macetas44"
AttributeEnd

AttributeBegin
    Transform [ -0.0000001604 -0.9848080277 -0.1736479998 0.0000000000 1.0000000000 -0.0000001629 0.0000000000 0.0000000000 0.0000000000 -0.1736479998 0.9848080277 0.0000000000 18.3572006226 -0.0827054977 6.3944897652 1.0000000000  ]
    ObjectInstance "Porta Macetas44"
AttributeEnd

AttributeBegin
    Transform [ -0.0000001604 -0.9848080277 -0.1736479998 0.0000000000 1.0000000000 -0.0000001629 0.0000000000 0.0000000000 0.0000000000 -0.1736479998 0.9848080277 0.0000000000 15.4530000687 -0.0827054977 6.3944897652 1.0000000000  ]
    ObjectInstance "Porta Macetas44"
AttributeEnd

AttributeBegin
    Transform [ -0.0000001604 -0.9848080277 -0.1736479998 0.0000000000 1.0000000000 -0.0000001629 0.0000000000 0.0000000000 0.0000000000 -0.1736479998 0.9848080277 0.0000000000 14.7102003098 -0.0827054977 6.3944897652 1.0000000000  ]
    ObjectInstance "Porta Macetas44"
AttributeEnd

AttributeBegin
    Transform [ -0.0000001604 -0.9848080277 -0.1736479998 0.0000000000 1.0000000000 -0.0000001629 0.0000000000 0.0000000000 0.0000000000 -0.1736479998 0.9848080277 0.0000000000 14.2548999786 -0.0827054977 6.3944897652 1.0000000000  ]
    ObjectInstance "Porta Macetas44"
AttributeEnd

AttributeBegin
    Transform [ -0.0000001604 -0.9848080277 -0.1736479998 0.0000000000 1.0000000000 -0.0000001629 0.0000000000 0.0000000000 0.0000000000 -0.1736479998 0.9848080277 0.0000000000 11.9647998810 -0.0827054977 6.3944897652 1.0000000000  ]
    ObjectInstance "Porta Macetas44"
AttributeEnd

AttributeBegin
    Transform [ -0.0000001604 -0.9848080277 -0.1736479998 0.0000000000 1.0000000000 -0.0000001629 0.0000000000 0.0000000000 0.0000000000 -0.1736479998 0.9848080277 0.0000000000 11.3657999039 -0.0827054977 6.3944897652 1.0000000000  ]
    ObjectInstance "Porta Macetas44"
AttributeEnd

AttributeBegin
    Transform [ -0.0000001604 -0.9848080277 -0.1736479998 0.0000000000 1.0000000000 -0.0000001629 0.0000000000 0.0000000000 0.0000000000 -0.1736479998 0.9848080277 0.0000000000 10.4448995590 -0.0827054977 6.3944897652 1.0000000000  ]
    ObjectInstance "Porta Macetas44"
AttributeEnd

AttributeBegin
    Transform [ 0.9848080277 0.0000000000 -0.1736479998 0.0000000000 0.0000000000 1.0000000000 0.0000000000 0.0000000000 0.1736479998 0.0000000000 0.9848080277 0.0000000000 7.6308999062 -0.6780300140 6.3944897652 1.0000000000  ]
    ObjectInstance "Porta Macetas44"
AttributeEnd

AttributeBegin
    Transform [ 0.9848080277 0.0000000000 -0.1736479998 0.0000000000 0.0000000000 1.0000000000 0.0000000000 0.0000000000 0.1736479998 0.0000000000 0.9848080277 0.0000000000 7.6308999062 -0.2405080050 6.3944897652 1.0000000000  ]
    ObjectInstance "Porta Macetas44"
AttributeEnd

AttributeBegin
    Transform [ 0.9848080277 0.0000000000 -0.1736479998 0.0000000000 0.0000000000 1.0000000000 0.0000000000 0.0000000000 0.1736479998 0.0000000000 0.9848080277 0.0000000000 7.6308999062 -2.2439301014 6.3944897652 1.0000000000  ]
    ObjectInstance "Porta Macetas44"
AttributeEnd

AttributeBegin
    ObjectBegin "Maceta A"

    AttributeBegin
        Transform [ 1.0000000000 0.0000000000 0.0000000000 0.0000000000 0.0000000000 1.0000000000 0.0000000000 0.0000000000 0.0000000000 0.0000000000 1.0000000000 0.0000000000 0.0000000000 0.0000000000 0.0000000000 1.0000000000  ]
        NamedMaterial "Maceta_A"
        Shape "plymesh" "string filename" "geometry/macetas_00003.ply" 
    AttributeEnd
AttributeEnd
ObjectEnd

AttributeBegin
    Transform [ 0.4334580004 -0.9011740088 0.0000000000 0.0000000000 0.9011740088 0.4334580004 0.0000000000 0.0000000000 0.0000000000 0.0000000000 1.0000000000 0.0000000000 23.1336002350 -0.5406159759 5.5801501274 1.0000000000  ]
    ObjectInstance "Maceta A"
AttributeEnd

AttributeBegin
    Transform [ 0.6441389918 -0.4953100085 0.1098520011 0.0000000000 0.4882610142 0.6534389853 0.0832687989 0.0000000000 -0.2370730042 0.0000000000 1.3901200294 0.0000000000 23.3316001892 -2.1598200798 6.3737797737 1.0000000000  ]
    ObjectInstance "Maceta A"
AttributeEnd

AttributeBegin
    Transform [ 0.3626439869 0.7331979871 0.0000000000 0.0000000000 -0.7331979871 0.3626439869 0.0000000000 0.0000000000 0.0000000000 0.0000000000 1.4275100231 0.0000000000 23.9591007233 -2.8651099205 6.2728900909 1.0000000000  ]
    ObjectInstance "Maceta A"
AttributeEnd

AttributeBegin
    Transform [ -0.1881709993 0.7215359807 0.1361220032 0.0000000000 -0.7342640162 -0.1849099994 -0.0348843001 0.0000000000 -0.0000002730 -0.2612800002 1.3849600554 0.0000000000 22.3047008514 -0.0769233033 6.3485298157 1.0000000000  ]
    ObjectInstance "Maceta A"
AttributeEnd

AttributeBegin
    Transform [ 0.3593569994 -0.7348139882 0.0000000000 0.0000000000 0.7348139882 0.3593569994 0.0000000000 0.0000000000 0.0000000000 0.0000000000 1.4390499592 0.0000000000 22.9225006104 0.0789688006 0.7733989954 1.0000000000  ]
    ObjectInstance "Maceta A"
AttributeEnd

AttributeBegin
    Transform [ 0.8099750280 -0.1541029960 0.0000000000 0.0000000000 0.1541029960 0.8099750280 0.0000000000 0.0000000000 0.0000000000 0.0000000000 1.4492000341 0.0000000000 22.9817008972 0.5130019784 6.2716097832 1.0000000000  ]
    ObjectInstance "Maceta A"
AttributeEnd

AttributeBegin
    Transform [ 0.9674959779 -1.1170099974 0.0000000000 0.0000000000 1.1170099974 0.9674959779 0.0000000000 0.0000000000 0.0000000000 0.0000000000 2.5557200909 0.0000000000 20.1019001007 2.7236099243 0.2501029968 1.0000000000  ]
    ObjectInstance "Maceta A"
AttributeEnd

AttributeBegin
    Transform [ -0.3920359910 -0.7242689729 0.0000000000 0.0000000000 0.7242689729 -0.3920359910 0.0000000000 0.0000000000 0.0000000000 0.0000000000 1.4298100471 0.0000000000 16.5230998993 2.8818700314 0.7742750049 1.0000000000  ]
    ObjectInstance "Maceta A"
AttributeEnd

AttributeBegin
    Transform [ 0.7766759992 0.1239259988 0.0232471991 0.0000000000 -0.1260879934 0.7633609772 0.1431979984 0.0000000000 0.0000000000 -0.2602910101 1.3875600100 0.0000000000 14.7103996277 -0.0707982033 6.3503799438 1.0000000000  ]
    ObjectInstance "Maceta A"
AttributeEnd

AttributeBegin
    Transform [ 0.3602049947 -0.9328730106 0.0000000000 0.0000000000 0.9328730106 0.3602049947 0.0000000000 0.0000000000 0.0000000000 0.0000000000 1.7735999823 0.0000000000 13.5552997589 -0.0858284980 5.6576700211 1.0000000000  ]
    ObjectInstance "Maceta A"
AttributeEnd

AttributeBegin
    Transform [ -0.3784759939 -0.7178999782 0.0000000000 0.0000000000 0.7178999782 -0.3784759939 0.0000000000 0.0000000000 0.0000000000 0.0000000000 1.4446099997 0.0000000000 12.4548997879 0.5069569945 6.2726101875 1.0000000000  ]
    ObjectInstance "Maceta A"
AttributeEnd

AttributeBegin
    Transform [ 0.6837760210 0.3344930112 0.0603056997 0.0000000000 -0.3398860097 0.6729270220 0.1213219985 0.0000000000 0.0000002046 -0.2435870022 1.3510899544 0.0000000000 10.4416999817 -0.0749941021 6.3553800583 1.0000000000  ]
    ObjectInstance "Maceta A"
AttributeEnd

AttributeBegin
    Transform [ -0.4633370042 -0.6820009947 0.0000000000 0.0000000000 0.6820009947 -0.4633370042 0.0000000000 0.0000000000 0.0000000000 0.0000000000 1.4482200146 0.0000000000 10.1041002274 0.0131337997 0.7731090188 1.0000000000  ]
    ObjectInstance "Maceta A"
AttributeEnd

AttributeBegin
    Transform [ 0.4447090030 -0.7612869740 -0.0837258026 0.0000000000 0.7481430173 0.4525209963 -0.1408540010 0.0000000000 0.2751420140 -0.0000001219 1.4614200592 0.0000000000 7.4347500801 -4.4172401428 6.3978600502 1.0000000000  ]
    ObjectInstance "Maceta A"
AttributeEnd

AttributeBegin
    Transform [ 0.5886440277 0.6084989905 -0.1254359931 0.0000000000 -0.5951370001 0.6018599868 0.1268199980 0.0000000000 0.2889330089 -0.0000002169 1.3559000492 0.0000000000 7.4252400398 -5.7680997849 6.3745799065 1.0000000000  ]
    ObjectInstance "Maceta A"
AttributeEnd

AttributeBegin
    Transform [ 0.7507489920 0.3247539997 0.0000000000 0.0000000000 -0.3247539997 0.7507489920 0.0000000000 0.0000000000 0.0000000000 0.0000000000 1.4228199720 0.0000000000 24.2304992676 -12.5808000565 3.2820498943 1.0000000000  ]
    ObjectInstance "Maceta A"
AttributeEnd

AttributeBegin
    Transform [ 1.1207599640 0.3500210047 0.0000000000 0.0000000000 -0.3500210047 1.1207599640 0.0000000000 0.0000000000 0.0000000000 0.0000000000 2.0957400799 0.0000000000 7.0249400139 -11.4447002411 5.6971001625 1.0000000000  ]
    ObjectInstance "Maceta A"
AttributeEnd

AttributeBegin
    ObjectBegin "Maceta A04"

    AttributeBegin
        Transform [ 1.0000000000 0.0000000000 0.0000000000 0.0000000000 0.0000000000 1.0000000000 0.0000000000 0.0000000000 0.0000000000 0.0000000000 1.0000000000 0.0000000000 0.0000000000 0.0000000000 0.0000000000 1.0000000000  ]
        NamedMaterial "Maceta_A2"
        Shape "plymesh" "string filename" "geometry/macetas_00004.ply" 
    AttributeEnd
AttributeEnd
ObjectEnd

AttributeBegin
    Transform [ -0.1422699988 -0.8129199743 0.0000000000 0.0000000000 0.0000000000 0.0000000000 0.8252760172 0.0000000000 -0.8129199743 0.1422699988 0.0000000000 0.0000000000 15.7090997696 -0.2389290035 5.6280999184 1.0000000000  ]
    ObjectInstance "Maceta A04"
AttributeEnd

AttributeBegin
    Transform [ 0.7137989998 0.1269019991 0.0000000000 0.0000000000 0.0000000000 0.0000000000 0.7249919772 0.0000000000 0.1269019991 -0.7137989998 0.0000000000 0.0000000000 20.4990005493 -0.1141619980 5.6138901711 1.0000000000  ]
    ObjectInstance "Maceta A04"
AttributeEnd

AttributeBegin
    ObjectBegin "Maceta B"

    AttributeBegin
        Transform [ 1.0000000000 0.0000000000 0.0000000000 0.0000000000 0.0000000000 1.0000000000 0.0000000000 0.0000000000 0.0000000000 0.0000000000 1.0000000000 0.0000000000 0.0000000000 0.0000000000 0.0000000000 1.0000000000  ]
        NamedMaterial "Maceta_B"
        Shape "plymesh" "string filename" "geometry/macetas_00005.ply" 
    AttributeEnd
AttributeEnd
ObjectEnd

AttributeBegin
    Transform [ 0.8439480066 -0.5364249945 0.0000000000 0.0000000000 0.5364249945 0.8439480066 0.0000000000 0.0000000000 0.0000000000 0.0000000000 1.0000000000 0.0000000000 21.8300991058 -0.3008039892 5.5872898102 1.0000000000  ]
    ObjectInstance "Maceta B"
AttributeEnd

AttributeBegin
    Transform [ 0.4310620129 0.7510370016 0.0000000000 0.0000000000 -0.7510370016 0.4310620129 0.0000000000 0.0000000000 0.0000000000 0.0000000000 1.4285900593 0.0000000000 24.0562000275 0.0380024984 0.7961059809 1.0000000000  ]
    ObjectInstance "Maceta B"
AttributeEnd

AttributeBegin
    Transform [ -0.2198150009 -0.8228240013 0.0000000000 0.0000000000 0.8228240013 -0.2198150009 0.0000000000 0.0000000000 0.0000000000 0.0000000000 1.4177900553 0.0000000000 23.9878997803 -0.4424499869 6.2926697731 1.0000000000  ]
    ObjectInstance "Maceta B"
AttributeEnd

AttributeBegin
    Transform [ 0.5653640032 -0.5317940116 0.0858028978 0.0000000000 0.5257729888 0.5718380213 0.0797943026 0.0000000000 -0.1930560023 0.0000000000 1.2720700502 0.0000000000 23.3344993591 -1.8702800274 6.3691802025 1.0000000000  ]
    ObjectInstance "Maceta B"
AttributeEnd

AttributeBegin
    Transform [ 0.7505639791 0.2480549961 0.1163569987 0.0000000000 -0.2451270074 0.7595289946 -0.0380007997 0.0000000000 -0.2076449990 -0.0000002121 1.3394199610 0.0000000000 23.3313999176 -2.6027700901 6.3803501129 1.0000000000  ]
    ObjectInstance "Maceta B"
AttributeEnd

AttributeBegin
    Transform [ 0.4186120033 -0.7921739817 0.0000000000 0.0000000000 0.7921739817 0.4186120033 0.0000000000 0.0000000000 0.0000000000 0.0000000000 1.4182499647 0.0000000000 23.3402996063 -2.8933598995 0.6908450127 1.0000000000  ]
    ObjectInstance "Maceta B"
AttributeEnd

AttributeBegin
    Transform [ 0.5920490026 0.3982760012 0.0590725988 0.0000000000 -0.4026330113 0.5856429935 0.0868630037 0.0000000000 0.0000000000 -0.1769829988 1.1932499409 0.0000000000 20.7847003937 -0.0775782019 6.3487200737 1.0000000000  ]
    ObjectInstance "Maceta B"
AttributeEnd

AttributeBegin
    Transform [ 0.2478989959 -0.7045819759 -0.0912488028 0.0000000000 0.7104669809 0.2458460033 0.0318389013 0.0000000000 0.0000000000 -0.1636739969 1.2638200521 0.0000000000 19.1068000793 -0.0802344009 6.3630199432 1.0000000000  ]
    ObjectInstance "Maceta B"
AttributeEnd

AttributeBegin
    Transform [ -0.1677400023 0.8422150016 0.0000000000 0.0000000000 -0.8422150016 -0.1677400023 0.0000000000 0.0000000000 0.0000000000 0.0000000000 1.4428499937 0.0000000000 16.4022006989 2.9545700550 6.2921199799 1.0000000000  ]
    ObjectInstance "Maceta B"
AttributeEnd

AttributeBegin
    Transform [ -0.4946100116 0.7020130157 0.0000000000 0.0000000000 -0.7020130157 -0.4946100116 0.0000000000 0.0000000000 0.0000000000 0.0000000000 1.4406000376 0.0000000000 13.7594003677 0.5473660231 6.2921500206 1.0000000000  ]
    ObjectInstance "Maceta B"
AttributeEnd

AttributeBegin
    Transform [ 0.0502006002 0.7841259837 0.1284119934 0.0000000000 -0.7945700288 0.0495406985 0.0081129996 0.0000000000 0.0000000000 -0.2203879952 1.3457599878 0.0000000000 11.9679002762 -0.0859951973 6.3721499443 1.0000000000  ]
    ObjectInstance "Maceta B"
AttributeEnd

AttributeBegin
    Transform [ 1.2678699493 0.6520239711 0.0000000000 0.0000000000 -0.6520239711 1.2678699493 0.0000000000 0.0000000000 0.0000000000 0.0000000000 2.3468599319 0.0000000000 9.4928197861 2.6871199608 0.2470239997 1.0000000000  ]
    ObjectInstance "Maceta B"
AttributeEnd

AttributeBegin
    Transform [ 0.0147225000 0.7927320004 -0.0042256699 0.0000000000 -0.7619670033 0.0153168999 0.2187010050 0.0000000000 0.3782829940 0.0000000000 1.3179600239 0.0000000000 7.6237401962 -0.6802719831 6.3887200356 1.0000000000  ]
    ObjectInstance "Maceta B"
AttributeEnd

AttributeBegin
    Transform [ -0.0406695008 -0.8105000257 0.0076826098 0.0000000000 0.7964149714 -0.0413887985 -0.1504449993 0.0000000000 0.2469590008 0.0000000000 1.3073400259 0.0000000000 7.6296901703 -2.2434499264 6.3809099197 1.0000000000  ]
    ObjectInstance "Maceta B"
AttributeEnd

AttributeBegin
    Transform [ -0.6489750147 0.5733259916 0.0000000000 0.0000000000 -0.5733259916 -0.6489750147 0.0000000000 0.0000000000 0.0000000000 0.0000000000 1.4390399456 0.0000000000 7.1731500626 -2.6332199574 6.2924299240 1.0000000000  ]
    ObjectInstance "Maceta B"
AttributeEnd

AttributeBegin
    Transform [ -0.9902529716 0.1392810047 0.0000000000 0.0000000000 -0.1392810047 -0.9902529716 0.0000000000 0.0000000000 0.0000000000 0.0000000000 1.6484600306 0.0000000000 7.7524299622 -3.0608999729 5.6585998535 1.0000000000  ]
    ObjectInstance "Maceta B"
AttributeEnd

AttributeBegin
    Transform [ 0.7204390168 0.3244650066 -0.1187670007 0.0000000000 -0.3201439977 0.7301629782 0.0527768992 0.0000000000 0.2168419957 0.0000000000 1.3153599501 0.0000000000 7.4266300201 -5.3173899651 6.3832302094 1.0000000000  ]
    ObjectInstance "Maceta B"
AttributeEnd

AttributeBegin
    Transform [ -0.6085860133 -0.7934880257 0.0000000000 0.0000000000 0.7934880257 -0.6085860133 0.0000000000 0.0000000000 0.0000000000 0.0000000000 1.6625200510 0.0000000000 7.0141701698 -6.4189701080 5.6681900024 1.0000000000  ]
    ObjectInstance "Maceta B"
AttributeEnd

AttributeBegin
    ObjectBegin "Maceta B2"

    AttributeBegin
        Transform [ 1.0000000000 0.0000000000 0.0000000000 0.0000000000 0.0000000000 1.0000000000 0.0000000000 0.0000000000 0.0000000000 0.0000000000 1.0000000000 0.0000000000 0.0000000000 0.0000000000 0.0000000000 1.0000000000  ]
        NamedMaterial "Maceta_B2"
        Shape "plymesh" "string filename" "geometry/macetas_00006.ply" 
    AttributeEnd
AttributeEnd
ObjectEnd

AttributeBegin
    Transform [ -0.8967679739 0.4425019920 0.0000000000 0.0000000000 0.0000000000 0.0000000000 1.0000000000 0.0000000000 0.4425019920 0.8967679739 0.0000000000 0.0000000000 19.7938003540 2.7601599693 5.6595702171 1.0000000000  ]
    ObjectInstance "Maceta B2"
AttributeEnd

AttributeBegin
    Transform [ 0.1079910025 -0.6742799878 0.0000000000 0.0000000000 0.0000000000 0.0000000000 0.5190070271 0.0000000000 -0.6742799878 -0.1079910025 0.0000000000 0.0000000000 10.0059003830 -0.3148140013 5.5690798759 1.0000000000  ]
    ObjectInstance "Maceta B2"
AttributeEnd

AttributeBegin
    ObjectBegin "Maceta C03"

    AttributeBegin
        Transform [ 1.0000000000 0.0000000000 0.0000000000 0.0000000000 0.0000000000 1.0000000000 0.0000000000 0.0000000000 0.0000000000 0.0000000000 1.0000000000 0.0000000000 0.0000000000 0.0000000000 0.0000000000 1.0000000000  ]
        NamedMaterial "Maceta_C"
        Shape "plymesh" "string filename" "geometry/macetas_00007.ply" 
    AttributeEnd
AttributeEnd
ObjectEnd

AttributeBegin
    Transform [ 1.0910799503 -0.6816440225 0.0000000000 0.0000000000 0.0000000000 0.0000000000 0.5762000084 0.0000000000 -0.6816440225 -1.0910799503 0.0000000000 0.0000000000 12.2544002533 -0.1891099960 5.5903701782 1.0000000000  ]
    ObjectInstance "Maceta C03"
AttributeEnd

AttributeBegin
    Transform [ 0.0000000000 1.2395700216 0.0000000000 0.0000000000 0.0000000000 0.0000000000 0.6516910195 0.0000000000 1.2395700216 0.0000000000 0.0000000000 0.0000000000 23.1289997101 -2.7667999268 5.6135802269 1.0000000000  ]
    ObjectInstance "Maceta C03"
AttributeEnd

AttributeBegin
    ObjectBegin "Maceta C2"

    AttributeBegin
        Transform [ 1.0000000000 0.0000000000 0.0000000000 0.0000000000 0.0000000000 1.0000000000 0.0000000000 0.0000000000 0.0000000000 0.0000000000 1.0000000000 0.0000000000 0.0000000000 0.0000000000 0.0000000000 1.0000000000  ]
        NamedMaterial "Maceta_C2"
        Shape "plymesh" "string filename" "geometry/macetas_00008.ply" 
    AttributeEnd
AttributeEnd
ObjectEnd

AttributeBegin
    Transform [ 1.0000000000 0.0000000000 0.0000000000 0.0000000000 0.0000000000 1.0000000000 0.0000000000 0.0000000000 0.0000000000 0.0000000000 1.0000000000 0.0000000000 22.7910995483 2.9954800606 5.7373499870 1.0000000000  ]
    ObjectInstance "Maceta C2"
AttributeEnd

AttributeBegin
    Transform [ 1.2128499746 0.0000000000 0.0000000000 0.0000000000 0.0000000000 1.2128499746 0.0000000000 0.0000000000 0.0000000000 0.0000000000 1.2128499746 0.0000000000 16.3530998230 -0.9754269719 0.1783239990 1.0000000000  ]
    ObjectInstance "Maceta C2"
AttributeEnd

AttributeBegin
    Transform [ 0.7928799987 0.0000000000 0.0000000000 0.0000000000 0.0000000000 0.7928799987 0.0000000000 0.0000000000 0.0000000000 0.0000000000 0.7928799987 0.0000000000 7.7790198326 -2.6407699585 5.6718997955 1.0000000000  ]
    ObjectInstance "Maceta C2"
AttributeEnd

AttributeBegin
    Transform [ 1.2031699419 0.0000000000 0.0000000000 0.0000000000 0.0000000000 1.2031699419 0.0000000000 0.0000000000 0.0000000000 0.0000000000 1.2031699419 0.0000000000 6.4767298698 0.1900530010 0.2804700136 1.0000000000  ]
    ObjectInstance "Maceta C2"
AttributeEnd

AttributeBegin
    ObjectBegin "Maceta D2"

    AttributeBegin
        Transform [ 1.0000000000 0.0000000000 0.0000000000 0.0000000000 0.0000000000 1.0000000000 0.0000000000 0.0000000000 0.0000000000 0.0000000000 1.0000000000 0.0000000000 0.0000000000 0.0000000000 0.0000000000 1.0000000000  ]
        NamedMaterial "Maceta_D2"
        Shape "plymesh" "string filename" "geometry/macetas_00009.ply" 
    AttributeEnd
AttributeEnd
ObjectEnd

AttributeBegin
    Transform [ -0.2683700025 -0.9633160233 0.0000000000 0.0000000000 0.9633160233 -0.2683700025 0.0000000000 0.0000000000 0.0000000000 0.0000000000 1.0000000000 0.0000000000 17.2765998840 -0.2266349941 5.6737298965 1.0000000000  ]
    ObjectInstance "Maceta D2"
AttributeEnd

AttributeBegin
    Transform [ -0.1678510010 0.6758369803 0.0839397013 0.0000000000 -0.6810299754 -0.1665710062 -0.0206882991 0.0000000000 0.0000000000 -0.0864515975 0.6960620284 0.0000000000 18.3565998077 -0.0832791030 6.3798198700 1.0000000000  ]
    ObjectInstance "Maceta D2"
AttributeEnd

AttributeBegin
    Transform [ 0.6513000131 -0.1941909939 -0.0341011994 0.0000000000 0.1971630007 0.6414840221 0.1126490012 0.0000000000 0.0000000000 -0.1176970005 0.6702330112 0.0000000000 21.4090995789 -0.0776880011 6.3704299927 1.0000000000  ]
    ObjectInstance "Maceta D2"
AttributeEnd

AttributeBegin
    Transform [ -0.5660060048 0.9922940135 0.0000000000 0.0000000000 -0.9922940135 -0.5660060048 0.0000000000 0.0000000000 0.0000000000 0.0000000000 1.1423699856 0.0000000000 26.0282993317 2.5628399849 0.2137680054 1.0000000000  ]
    ObjectInstance "Maceta D2"
AttributeEnd

AttributeBegin
    Transform [ -0.8000429869 -0.8593950272 0.0000000000 0.0000000000 0.8593950272 -0.8000429869 0.0000000000 0.0000000000 0.0000000000 0.0000000000 1.1741499901 0.0000000000 24.6294002533 -4.1648302078 5.7156701088 1.0000000000  ]
    ObjectInstance "Maceta D2"
AttributeEnd

AttributeBegin
    Transform [ 0.2649759948 0.5956259966 -0.0319406986 0.0000000000 -0.5913450122 0.2668940127 0.0712819993 0.0000000000 0.0781110004 0.0000000000 0.6479970217 0.0000000000 7.4225301743 -9.3909301758 6.3500800133 1.0000000000  ]
    ObjectInstance "Maceta D2"
AttributeEnd

AttributeBegin
    Transform [ -0.9535999894 -0.3010770082 0.0000000000 0.0000000000 0.3010770082 -0.9535999894 0.0000000000 0.0000000000 0.0000000000 0.0000000000 1.0000000000 0.0000000000 6.7682700157 2.6813600063 5.6870198250 1.0000000000  ]
    ObjectInstance "Maceta D2"
AttributeEnd

AttributeBegin
    Transform [ -0.3329879940 -0.6232860088 0.0299944002 0.0000000000 0.6207720041 -0.3343360126 -0.0559170991 0.0000000000 0.0634538010 0.0000000000 0.7044420242 0.0000000000 7.6352801323 -0.2406159937 6.3780097961 1.0000000000  ]
    ObjectInstance "Maceta D2"
AttributeEnd

AttributeBegin
    Transform [ 0.8282269835 0.1984920055 0.0000000000 0.0000000000 -0.1984920055 0.8282269835 0.0000000000 0.0000000000 0.0000000000 0.0000000000 0.8516799808 0.0000000000 11.1627998352 -0.2047439963 5.6359300613 1.0000000000  ]
    ObjectInstance "Maceta D2"
AttributeEnd

AttributeBegin
    Transform [ 0.4689320028 0.4393039942 0.0882418975 0.0000000000 -0.4480789900 0.4597490132 0.0923485011 0.0000000000 0.0000000000 -0.1277299970 0.6358910203 0.0000000000 11.3627004623 -0.0762467980 6.3529000282 1.0000000000  ]
    ObjectInstance "Maceta D2"
AttributeEnd

AttributeBegin
    Transform [ 0.9747400284 0.7053449750 0.0000000000 0.0000000000 -0.7053449750 0.9747400284 0.0000000000 0.0000000000 0.0000000000 0.0000000000 1.2031699419 0.0000000000 12.9408998489 2.8917999268 0.2295659930 1.0000000000  ]
    ObjectInstance "Maceta D2"
AttributeEnd

AttributeBegin
